simulation,timestep,config_id
1,1,503687
1,2,503687
1,3,503687
1,4,520071
1,5,1044359
1,6,1044359
1,7,1044359
1,8,520071
1,9,520071
1,10,520071
1,11,520071
2,1,503687
2,2,503687
2,3,503687
2,4,520071
2,5,1044359
2,6,1044359
2,7,1044359
2,8,1044359
2,9,1044359
2,10,1044359
2,11,1044359
3,1,503687
3,2,503687
3,3,503687
3,4,503687
3,5,503687
3,6,503687
3,7,503687
3,8,503687
3,9,503687
3,10,503687
3,11,503687
4,1,503687
4,2,503559
4,3,503559
4,4,503559
4,5,519943
4,6,519943
4,7,519943
4,8,519943
4,9,519943
4,10,519943
4,11,519943
5,1,503687
5,2,503687
5,3,503687
5,4,503687
5,5,501639
5,6,501639
5,7,501639
5,8,1025927
5,9,1025927
5,10,1025927
5,11,1025927
6,1,503687
6,2,520071
6,3,520071
6,4,520071
6,5,520071
6,6,520071
6,7,520071
6,8,520071
6,9,520071
6,10,520070
6,11,520070
7,1,503687
7,2,503687
7,3,503687
7,4,503687
7,5,503687
7,6,503687
7,7,503687
7,8,503687
7,9,503687
7,10,503687
7,11,503687
8,1,503687
8,2,503687
8,3,507783
8,4,507783
8,5,507783
8,6,507782
8,7,507782
8,8,507782
8,9,507782
8,10,507782
8,11,499590
9,1,503687
9,2,503687
9,3,503687
9,4,503687
9,5,503687
9,6,503686
9,7,503686
9,8,241542
9,9,241542
9,10,241542
9,11,241542
10,1,503687
10,2,503687
10,3,503687
10,4,503687
10,5,503687
10,6,503687
10,7,520071
10,8,1044359
10,9,1044359
10,10,1044359
10,11,1044359
1,1,507654
1,2,1031942
1,3,1031942
1,4,1031942
1,5,1031942
1,6,507654
1,7,507654
1,8,507654
1,9,507654
1,10,507655
1,11,524039
2,1,507654
2,2,507654
2,3,524038
2,4,524038
2,5,524038
2,6,524038
2,7,524038
2,8,524038
2,9,524038
2,10,524038
2,11,524038
3,1,507654
3,2,507654
3,3,507654
3,4,507782
3,5,507783
3,6,507783
3,7,507783
3,8,507783
3,9,507783
3,10,507783
3,11,507783
4,1,507654
4,2,507654
4,3,507654
4,4,507654
4,5,524038
4,6,524038
4,7,1048326
4,8,1048326
4,9,1048326
4,10,1048326
4,11,1044230
5,1,507654
5,2,499462
5,3,495366
5,4,499462
5,5,499462
5,6,499462
5,7,499462
5,8,499462
5,9,499462
5,10,499462
5,11,499462
6,1,507654
6,2,507654
6,3,507654
6,4,1031942
6,5,1031942
6,6,1031942
6,7,1032070
6,8,507782
6,9,507782
6,10,507782
6,11,507782
7,1,507654
7,2,507654
7,3,507654
7,4,507654
7,5,507654
7,6,507782
7,7,507782
7,8,507782
7,9,507782
7,10,507782
7,11,507782
8,1,507654
8,2,507654
8,3,507654
8,4,507654
8,5,507654
8,6,245510
8,7,245510
8,8,245510
8,9,245510
8,10,245510
8,11,245510
9,1,507654
9,2,507654
9,3,507654
9,4,507654
9,5,474886
9,6,474886
9,7,474886
9,8,474886
9,9,474886
9,10,474886
9,11,466694
10,1,507654
10,2,507654
10,3,524038
10,4,524038
10,5,524038
10,6,524038
10,7,524038
10,8,524038
10,9,1048326
10,10,1048326
10,11,1047302
1,1,507778
1,2,507650
1,3,507778
1,4,507778
1,5,507778
1,6,507782
1,7,505734
1,8,505734
1,9,505734
1,10,504710
1,11,505734
2,1,507778
2,2,505730
2,3,505731
2,4,522115
2,5,522119
2,6,522119
2,7,524167
2,8,524166
2,9,524166
2,10,524166
2,11,524166
3,1,507778
3,2,507778
3,3,507778
3,4,503682
3,5,503682
3,6,503682
3,7,503682
3,8,503682
3,9,503682
3,10,503682
3,11,503682
4,1,507778
4,2,505730
4,3,505730
4,4,507778
4,5,507778
4,6,507778
4,7,507778
4,8,507778
4,9,507778
4,10,506754
4,11,506754
5,1,507778
5,2,507778
5,3,507782
5,4,1032070
5,5,1032070
5,6,1032070
5,7,1032070
5,8,1032070
5,9,1032071
5,10,1032071
5,11,1032071
6,1,507778
6,2,245634
6,3,245634
6,4,507778
6,5,507778
6,6,507778
6,7,507810
6,8,507810
6,9,507810
6,10,503714
6,11,503714
7,1,507778
7,2,376706
7,3,376706
7,4,376706
7,5,376706
7,6,376706
7,7,376710
7,8,376710
7,9,376710
7,10,376710
7,11,376710
8,1,507778
8,2,507778
8,3,507778
8,4,507778
8,5,507778
8,6,507778
8,7,507778
8,8,507778
8,9,507782
8,10,507782
8,11,507782
9,1,507778
9,2,507778
9,3,507778
9,4,507778
9,5,507778
9,6,507782
9,7,503686
9,8,1027974
9,9,1032070
9,10,1032070
9,11,1032070
10,1,507778
10,2,507778
10,3,507778
10,4,507778
10,5,507778
10,6,507778
10,7,507778
10,8,507778
10,9,507778
10,10,507778
10,11,507778
1,1,508422
1,2,508422
1,3,508422
1,4,508422
1,5,508422
1,6,508422
1,7,508422
1,8,516614
1,9,516614
1,10,516614
1,11,516614
2,1,508422
2,2,377350
2,3,377350
2,4,377350
2,5,377346
2,6,377346
2,7,377346
2,8,376834
2,9,376834
2,10,376834
2,11,376834
3,1,508422
3,2,508422
3,3,508422
3,4,508422
3,5,377350
3,6,377350
3,7,378374
3,8,378374
3,9,378374
3,10,378374
3,11,378374
4,1,508422
4,2,508422
4,3,508422
4,4,508678
4,5,508678
4,6,508678
4,7,508678
4,8,508678
4,9,516870
4,10,508678
4,11,508678
5,1,508422
5,2,508420
5,3,508420
5,4,508420
5,5,508420
5,6,508420
5,7,508420
5,8,508420
5,9,508420
5,10,508420
5,11,508420
6,1,508422
6,2,508422
6,3,508422
6,4,509446
6,5,509446
6,6,509446
6,7,509446
6,8,509447
6,9,509447
6,10,509447
6,11,509447
7,1,508422
7,2,492038
7,3,492038
7,4,493062
7,5,493062
7,6,493058
7,7,493058
7,8,493058
7,9,493314
7,10,493314
7,11,493314
8,1,508422
8,2,508422
8,3,508422
8,4,508422
8,5,508422
8,6,508422
8,7,516614
8,8,516614
8,9,516614
8,10,516614
8,11,516614
9,1,508422
9,2,508422
9,3,508422
9,4,508422
9,5,508422
9,6,508422
9,7,508422
9,8,508422
9,9,508422
9,10,508422
9,11,1032710
10,1,508422
10,2,508422
10,3,508422
10,4,508422
10,5,508422
10,6,508422
10,7,509446
10,8,508422
10,9,508422
10,10,508422
10,11,377350
1,1,508678
1,2,508678
1,3,508678
1,4,508678
1,5,508678
1,6,508678
1,7,508678
1,8,508678
1,9,508678
1,10,508678
1,11,508678
2,1,508678
2,2,508678
2,3,508678
2,4,508678
2,5,508678
2,6,508806
2,7,508806
2,8,508806
2,9,508806
2,10,508806
2,11,508806
3,1,508678
3,2,508678
3,3,508678
3,4,508678
3,5,508678
3,6,377606
3,7,377606
3,8,377606
3,9,377606
3,10,377606
3,11,377606
4,1,508678
4,2,377606
4,3,377606
4,4,378630
4,5,378758
4,6,378758
4,7,378758
4,8,509830
4,9,1034118
4,10,1034118
4,11,1034118
5,1,508678
5,2,508678
5,3,508678
5,4,377606
5,5,901894
5,6,901894
5,7,901894
5,8,901894
5,9,901890
5,10,901890
5,11,901890
6,1,508678
6,2,508678
6,3,508678
6,4,508678
6,5,508678
6,6,508678
6,7,516870
6,8,516870
6,9,516870
6,10,516998
6,11,516998
7,1,508678
7,2,508678
7,3,508678
7,4,492294
7,5,493318
7,6,493318
7,7,493318
7,8,493318
7,9,493318
7,10,493318
7,11,493318
8,1,508678
8,2,508678
8,3,508678
8,4,508678
8,5,508678
8,6,377606
8,7,377606
8,8,377606
8,9,377606
8,10,377606
8,11,377606
9,1,508678
9,2,508678
9,3,508678
9,4,508678
9,5,508678
9,6,508674
9,7,508802
9,8,508802
9,9,508802
9,10,508802
9,11,508802
10,1,508678
10,2,516870
10,3,516870
10,4,516870
10,5,500486
10,6,500230
10,7,500230
10,8,500230
10,9,1024518
10,10,1024518
10,11,1024518
1,1,508800
1,2,508800
1,3,508800
1,4,508800
1,5,508800
1,6,508800
1,7,508802
1,8,508802
1,9,508802
1,10,508802
1,11,508802
2,1,508800
2,2,508804
2,3,509828
2,4,509828
2,5,518020
2,6,518020
2,7,518020
2,8,518020
2,9,518020
2,10,518020
2,11,518020
3,1,508800
3,2,508800
3,3,508800
3,4,508800
3,5,508800
3,6,508800
3,7,516992
3,8,516992
3,9,516992
3,10,516992
3,11,516996
4,1,508800
4,2,508800
4,3,443264
4,4,410496
4,5,410496
4,6,410496
4,7,410500
4,8,410500
4,9,443268
4,10,443268
4,11,443268
5,1,508800
5,2,508800
5,3,508800
5,4,1033088
5,5,1041280
5,6,1041280
5,7,1041280
5,8,1041280
5,9,1041280
5,10,1041280
5,11,1041280
6,1,508800
6,2,508800
6,3,508800
6,4,508800
6,5,508288
6,6,508288
6,7,508288
6,8,508288
6,9,508288
6,10,508288
6,11,508288
7,1,508800
7,2,508800
7,3,508800
7,4,508800
7,5,508800
7,6,508800
7,7,508800
7,8,508800
7,9,508800
7,10,508800
7,11,508800
8,1,508800
8,2,508800
8,3,492416
8,4,492416
8,5,492416
8,6,492416
8,7,492416
8,8,500608
8,9,238464
8,10,238464
8,11,238464
9,1,508800
9,2,508800
9,3,508800
9,4,508800
9,5,508800
9,6,508800
9,7,508800
9,8,508672
9,9,508416
9,10,508416
9,11,508416
10,1,508800
10,2,508800
10,3,508800
10,4,508800
10,5,508800
10,6,508800
10,7,516992
10,8,518016
10,9,518020
10,10,518020
10,11,518020
1,1,511879
1,2,520071
1,3,520071
1,4,520071
1,5,520071
1,6,520071
1,7,520071
1,8,520071
1,9,520071
1,10,520071
1,11,520071
2,1,511879
2,2,511878
2,3,511878
2,4,511878
2,5,511878
2,6,511878
2,7,511878
2,8,511878
2,9,380806
2,10,380806
2,11,364422
3,1,511879
3,2,511879
3,3,380807
3,4,380807
3,5,380807
3,6,380806
3,7,511878
3,8,511878
3,9,511750
3,10,495366
3,11,495366
4,1,511879
4,2,511879
4,3,511879
4,4,511879
4,5,511879
4,6,511879
4,7,511879
4,8,511879
4,9,511879
4,10,511879
4,11,479111
5,1,511879
5,2,515975
5,3,515974
5,4,515974
5,5,515974
5,6,515974
5,7,515974
5,8,524166
5,9,524166
5,10,524166
5,11,524166
6,1,511879
6,2,511879
6,3,511879
6,4,511879
6,5,511879
6,6,511879
6,7,511878
6,8,495494
6,9,495494
6,10,503686
6,11,503686
7,1,511879
7,2,511879
7,3,511879
7,4,511887
7,5,511887
7,6,511887
7,7,511887
7,8,380815
7,9,380815
7,10,380815
7,11,380815
8,1,511879
8,2,511879
8,3,511879
8,4,511879
8,5,511879
8,6,511879
8,7,511879
8,8,1036167
8,9,1035143
8,10,1043335
8,11,1043335
9,1,511879
9,2,511879
9,3,511879
9,4,511879
9,5,446343
9,6,446343
9,7,511879
9,8,511879
9,9,511879
9,10,515975
9,11,515975
10,1,511879
10,2,511879
10,3,520071
10,4,520071
10,5,520071
10,6,1044359
10,7,1044359
10,8,1044359
10,9,1044359
10,10,1044359
10,11,1044359
1,1,515974
1,2,524166
1,3,524166
1,4,524166
1,5,524166
1,6,524166
1,7,524166
1,8,524166
1,9,524166
1,10,524166
1,11,1048454
2,1,515974
2,2,515974
2,3,515975
2,4,515975
2,5,515975
2,6,515975
2,7,515975
2,8,515975
2,9,515975
2,10,515975
2,11,515975
3,1,515974
3,2,515974
3,3,499590
3,4,499590
3,5,497542
3,6,497542
3,7,497542
3,8,497542
3,9,497542
3,10,497542
3,11,497542
4,1,515974
4,2,515974
4,3,515974
4,4,515974
4,5,515974
4,6,515974
4,7,515974
4,8,515974
4,9,515974
4,10,515974
4,11,515974
5,1,515974
5,2,515974
5,3,515975
5,4,515975
5,5,515975
5,6,515975
5,7,515975
5,8,515975
5,9,515975
5,10,1040263
5,11,1040263
6,1,515974
6,2,515974
6,3,515974
6,4,499590
6,5,499590
6,6,499590
6,7,368518
6,8,368514
6,9,368514
6,10,499586
6,11,499586
7,1,515974
7,2,515974
7,3,515974
7,4,1040262
7,5,1036166
7,6,1036166
7,7,1036166
7,8,1036166
7,9,1036166
7,10,1036166
7,11,1036166
8,1,515974
8,2,515974
8,3,515974
8,4,515974
8,5,515974
8,6,515974
8,7,515974
8,8,515974
8,9,515974
8,10,515974
8,11,515974
9,1,515974
9,2,515974
9,3,384902
9,4,380806
9,5,380806
9,6,380806
9,7,380806
9,8,118662
9,9,380806
9,10,380806
9,11,380806
10,1,515974
10,2,515974
10,3,515974
10,4,513926
10,5,513926
10,6,513926
10,7,515974
10,8,515974
10,9,515974
10,10,515974
10,11,515974
1,1,516608
1,2,1040896
1,3,1040896
1,4,1040896
1,5,1040896
1,6,1040896
1,7,1040896
1,8,1040896
1,9,1040896
1,10,1040900
1,11,516612
2,1,516608
2,2,516608
2,3,516608
2,4,516608
2,5,516608
2,6,516608
2,7,516608
2,8,516608
2,9,516608
2,10,516608
2,11,385536
3,1,516608
3,2,516608
3,3,516608
3,4,1040896
3,5,1040896
3,6,1040896
3,7,1040896
3,8,1040896
3,9,1040896
3,10,1040896
3,11,1040896
4,1,516608
4,2,516608
4,3,516608
4,4,516608
4,5,516608
4,6,516608
4,7,516608
4,8,516608
4,9,385536
4,10,385536
4,11,385536
5,1,516608
5,2,516608
5,3,516608
5,4,516608
5,5,516608
5,6,516608
5,7,516608
5,8,516608
5,9,516608
5,10,516608
5,11,516608
6,1,516608
6,2,517632
6,3,501248
6,4,501248
6,5,501248
6,6,517632
6,7,517632
6,8,517632
6,9,517632
6,10,517632
6,11,517632
7,1,516608
7,2,516608
7,3,516608
7,4,516608
7,5,516608
7,6,516608
7,7,516608
7,8,516608
7,9,516608
7,10,516608
7,11,516608
8,1,516608
8,2,516608
8,3,516608
8,4,516608
8,5,516608
8,6,516864
8,7,516866
8,8,516866
8,9,385794
8,10,377602
8,11,361218
9,1,516608
9,2,516608
9,3,516608
9,4,516608
9,5,516608
9,6,516608
9,7,516608
9,8,516608
9,9,516608
9,10,516608
9,11,516608
10,1,516608
10,2,508416
10,3,508416
10,4,508416
10,5,508416
10,6,508416
10,7,508416
10,8,508416
10,9,508416
10,10,508416
10,11,508416
1,1,516865
1,2,516865
1,3,516865
1,4,516865
1,5,516865
1,6,1041153
1,7,1041153
1,8,1041153
1,9,1041153
1,10,1041153
1,11,1041153
2,1,516865
2,2,516993
2,3,385921
2,4,385921
2,5,385921
2,6,910209
2,7,910209
2,8,911233
2,9,911233
2,10,910209
2,11,910209
3,1,516865
3,2,1041153
3,3,1041153
3,4,1042177
3,5,1042305
3,6,1042305
3,7,1042309
3,8,1042309
3,9,1042305
3,10,1042305
3,11,1042305
4,1,516865
4,2,516865
4,3,516865
4,4,516865
4,5,516865
4,6,1041153
4,7,1041153
4,8,1041153
4,9,1041153
4,10,1043201
4,11,1043201
5,1,516865
5,2,516865
5,3,516865
5,4,500481
5,5,492289
5,6,492289
5,7,493313
5,8,493313
5,9,493313
5,10,493313
5,11,493313
6,1,516865
6,2,516865
6,3,516865
6,4,516865
6,5,516865
6,6,516865
6,7,516993
6,8,516993
6,9,516993
6,10,516993
6,11,516993
7,1,516865
7,2,516865
7,3,516993
7,4,516992
7,5,516992
7,6,516992
7,7,516992
7,8,516992
7,9,516992
7,10,516992
7,11,516992
8,1,516865
8,2,516865
8,3,516865
8,4,516865
8,5,516865
8,6,516865
8,7,516865
8,8,516865
8,9,516993
8,10,516993
8,11,516993
9,1,516865
9,2,385793
9,3,385793
9,4,385793
9,5,385793
9,6,385792
9,7,385792
9,8,385792
9,9,385792
9,10,385792
9,11,385792
10,1,516865
10,2,516865
10,3,516864
10,4,516864
10,5,516608
10,6,516608
10,7,516608
10,8,516608
10,9,516608
10,10,516608
10,11,516608
1,1,516995
1,2,516993
1,3,516993
1,4,516993
1,5,516993
1,6,516993
1,7,516993
1,8,516993
1,9,516865
1,10,516865
1,11,516865
2,1,516995
2,2,516995
2,3,516993
2,4,516993
2,5,516993
2,6,516993
2,7,516993
2,8,516993
2,9,516993
2,10,516993
2,11,516993
3,1,516995
3,2,516995
3,3,516995
3,4,516995
3,5,516993
3,6,516993
3,7,516993
3,8,516993
3,9,516993
3,10,516993
3,11,516997
4,1,516995
4,2,500611
4,3,492419
4,4,492423
4,5,492423
4,6,492423
4,7,492423
4,8,492423
4,9,492423
4,10,492423
4,11,492423
5,1,516995
5,2,516995
5,3,516995
5,4,518019
5,5,518019
5,6,518019
5,7,518019
5,8,518019
5,9,518019
5,10,518019
5,11,518019
6,1,516995
6,2,1041283
6,3,1041283
6,4,1041283
6,5,1041283
6,6,1041283
6,7,1041281
6,8,1041281
6,9,1041281
6,10,1041281
6,11,1041281
7,1,516995
7,2,516995
7,3,516995
7,4,518019
7,5,518019
7,6,501635
7,7,501635
7,8,501635
7,9,501635
7,10,501633
7,11,501633
8,1,516995
8,2,516995
8,3,516995
8,4,516995
8,5,516995
8,6,516995
8,7,516995
8,8,516995
8,9,500611
8,10,500609
8,11,500609
9,1,516995
9,2,516993
9,3,516993
9,4,518017
9,5,518017
9,6,518017
9,7,518017
9,8,501633
9,9,503681
9,10,503681
9,11,503680
10,1,516995
10,2,516995
10,3,519043
10,4,519043
10,5,519043
10,6,519047
10,7,519047
10,8,519047
10,9,519047
10,10,519047
10,11,520071
1,1,516997
1,2,516997
1,3,516996
1,4,516996
1,5,516996
1,6,516996
1,7,516868
1,8,516868
1,9,516868
1,10,516868
1,11,516870
2,1,516997
2,2,516997
2,3,516997
2,4,385925
2,5,385925
2,6,386949
2,7,386949
2,8,388997
2,9,388997
2,10,388997
2,11,913285
3,1,516997
3,2,516997
3,3,516997
3,4,516999
3,5,516999
3,6,516999
3,7,516998
3,8,516998
3,9,516998
3,10,518022
3,11,518022
4,1,516997
4,2,516997
4,3,516741
4,4,516741
4,5,516741
4,6,516741
4,7,516741
4,8,516997
4,9,516997
4,10,516993
4,11,516993
5,1,516997
5,2,516997
5,3,516997
5,4,518021
5,5,518021
5,6,518021
5,7,518021
5,8,518021
5,9,518020
5,10,518016
5,11,518016
6,1,516997
6,2,516997
6,3,516997
6,4,516993
6,5,516993
6,6,516993
6,7,516993
6,8,1041281
6,9,1041280
6,10,1041152
6,11,1041152
7,1,516997
7,2,516997
7,3,516997
7,4,385925
7,5,385925
7,6,385669
7,7,385669
7,8,385668
7,9,385668
7,10,385668
7,11,385668
8,1,516997
8,2,516997
8,3,516993
8,4,516993
8,5,508801
8,6,508801
8,7,516993
8,8,516993
8,9,516993
8,10,516993
8,11,516993
9,1,516997
9,2,516997
9,3,516997
9,4,516993
9,5,516993
9,6,521089
9,7,521089
9,8,521089
9,9,521089
9,10,521089
9,11,521089
10,1,516997
10,2,500613
10,3,500613
10,4,500615
10,5,500615
10,6,516999
10,7,518023
10,8,518023
10,9,522119
10,10,522119
10,11,522118
1,1,516998
1,2,516998
1,3,516998
1,4,516998
1,5,516998
1,6,516998
1,7,516998
1,8,516998
1,9,516998
1,10,516998
1,11,516998
2,1,516998
2,2,500614
2,3,500614
2,4,500614
2,5,501638
2,6,370566
2,7,894854
2,8,894854
2,9,894854
2,10,894854
2,11,911238
3,1,516998
3,2,516998
3,3,516998
3,4,516998
3,5,516998
3,6,518022
3,7,518022
3,8,516998
3,9,516998
3,10,516998
3,11,516998
4,1,516998
4,2,508806
4,3,510854
4,4,510855
4,5,510855
4,6,510855
4,7,510727
4,8,510727
4,9,510727
4,10,510727
4,11,510855
5,1,516998
5,2,516998
5,3,516998
5,4,516998
5,5,516998
5,6,516998
5,7,516998
5,8,385926
5,9,385926
5,10,385926
5,11,385926
6,1,516998
6,2,516998
6,3,516998
6,4,516998
6,5,516998
6,6,516998
6,7,516999
6,8,516999
6,9,518023
6,10,518023
6,11,518023
7,1,516998
7,2,516998
7,3,516998
7,4,516998
7,5,516998
7,6,516998
7,7,516998
7,8,516998
7,9,516998
7,10,1041286
7,11,1041286
8,1,516998
8,2,516998
8,3,516998
8,4,516998
8,5,516998
8,6,516998
8,7,516998
8,8,516998
8,9,516998
8,10,516998
8,11,516998
9,1,516998
9,2,516998
9,3,516996
9,4,516996
9,5,521092
9,6,522116
9,7,522116
9,8,259972
9,9,259972
9,10,258948
9,11,258948
10,1,516998
10,2,516998
10,3,385926
10,4,385926
10,5,385926
10,6,385926
10,7,385926
10,8,387974
10,9,912262
10,10,912262
10,11,910214
1,1,517126
1,2,517126
1,3,517126
1,4,517126
1,5,517638
1,6,519686
1,7,519686
1,8,519686
1,9,519686
1,10,519686
1,11,503302
2,1,517126
2,2,517126
2,3,517126
2,4,517126
2,5,517126
2,6,516102
2,7,517126
2,8,517126
2,9,386054
2,10,386054
2,11,386054
3,1,517126
3,2,517126
3,3,517126
3,4,517126
3,5,519174
3,6,519174
3,7,519170
3,8,519170
3,9,519170
3,10,519170
3,11,519170
4,1,517126
4,2,517126
4,3,500742
4,4,500742
4,5,517126
4,6,517126
4,7,517126
4,8,517126
4,9,517126
4,10,517126
4,11,517122
5,1,517126
5,2,1041414
5,3,1041414
5,4,1041414
5,5,1041414
5,6,1041414
5,7,1041414
5,8,1041414
5,9,1041926
5,10,1041922
5,11,1041922
6,1,517126
6,2,386054
6,3,386054
6,4,386054
6,5,377862
6,6,377862
6,7,377862
6,8,377862
6,9,377862
6,10,377862
6,11,377862
7,1,517126
7,2,517126
7,3,1041414
7,4,1041415
7,5,1041415
7,6,1041415
7,7,1041415
7,8,1041415
7,9,1041415
7,10,1041415
7,11,1041415
8,1,517126
8,2,517126
8,3,517122
8,4,517122
8,5,517122
8,6,517634
8,7,517634
8,8,517634
8,9,517634
8,10,517634
8,11,517634
9,1,517126
9,2,517126
9,3,517126
9,4,508934
9,5,508934
9,6,508934
9,7,508934
9,8,508934
9,9,508934
9,10,508934
9,11,508934
10,1,517126
10,2,517126
10,3,517126
10,4,517126
10,5,517126
10,6,517126
10,7,517638
10,8,1041926
10,9,1041926
10,10,1041926
10,11,1041926
1,1,517632
1,2,517632
1,3,517632
1,4,517632
1,5,517632
1,6,517632
1,7,517632
1,8,517632
1,9,517633
1,10,519681
1,11,519680
2,1,517632
2,2,517632
2,3,517632
2,4,517632
2,5,517632
2,6,517632
2,7,516608
2,8,516608
2,9,516608
2,10,516608
2,11,516608
3,1,517632
3,2,516608
3,3,500224
3,4,500224
3,5,492032
3,6,492032
3,7,492032
3,8,360960
3,9,360960
3,10,360960
3,11,360960
4,1,517632
4,2,517634
4,3,517634
4,4,517634
4,5,517634
4,6,517634
4,7,519682
4,8,519682
4,9,519682
4,10,1043970
4,11,1043970
5,1,517632
5,2,517632
5,3,517633
5,4,517633
5,5,517633
5,6,517633
5,7,517633
5,8,517633
5,9,517633
5,10,517633
5,11,501249
6,1,517632
6,2,517632
6,3,517632
6,4,517632
6,5,517632
6,6,517632
6,7,516608
6,8,516608
6,9,1040896
6,10,1040896
6,11,1040896
7,1,517632
7,2,519680
7,3,519680
7,4,519680
7,5,519680
7,6,519680
7,7,388608
7,8,388608
7,9,388608
7,10,388608
7,11,388608
8,1,517632
8,2,517632
8,3,517632
8,4,517632
8,5,517632
8,6,517632
8,7,517632
8,8,517632
8,9,517632
8,10,517632
8,11,517632
9,1,517632
9,2,517632
9,3,517632
9,4,517634
9,5,509442
9,6,509442
9,7,509442
9,8,509442
9,9,509442
9,10,378370
9,11,378370
10,1,517632
10,2,517634
10,3,517122
10,4,508930
10,5,377858
10,6,377858
10,7,377858
10,8,377858
10,9,377858
10,10,377858
10,11,508930
1,1,517638
1,2,517638
1,3,517126
1,4,517126
1,5,517126
1,6,517126
1,7,517126
1,8,484358
1,9,353286
1,10,353286
1,11,353286
2,1,517638
2,2,517638
2,3,517894
2,4,509702
2,5,509702
2,6,509702
2,7,509702
2,8,509702
2,9,509702
2,10,509702
2,11,509702
3,1,517638
3,2,517638
3,3,517638
3,4,517638
3,5,517638
3,6,517638
3,7,517638
3,8,517638
3,9,517894
3,10,386822
3,11,386822
4,1,517638
4,2,517638
4,3,517638
4,4,517638
4,5,517638
4,6,517638
4,7,517638
4,8,517638
4,9,517638
4,10,517638
4,11,517638
5,1,517638
5,2,517638
5,3,501254
5,4,501250
5,5,501250
5,6,501250
5,7,501250
5,8,1025538
5,9,1025538
5,10,1025538
5,11,1025538
6,1,517638
6,2,517638
6,3,517894
6,4,518022
6,5,518022
6,6,518022
6,7,518022
6,8,518022
6,9,518022
6,10,518022
6,11,518022
7,1,517638
7,2,517638
7,3,517638
7,4,517126
7,5,517126
7,6,517126
7,7,517126
7,8,517126
7,9,517126
7,10,517126
7,11,517638
8,1,517638
8,2,517638
8,3,517638
8,4,517638
8,5,517638
8,6,517638
8,7,517638
8,8,517638
8,9,517638
8,10,517638
8,11,517638
9,1,517638
9,2,517638
9,3,517638
9,4,516614
9,5,516614
9,6,516614
9,7,516614
9,8,516614
9,9,516614
9,10,516614
9,11,516610
10,1,517638
10,2,517638
10,3,517638
10,4,517638
10,5,517638
10,6,517638
10,7,517638
10,8,517638
10,9,521734
10,10,521734
10,11,521734
1,1,518918
1,2,518918
1,3,519942
1,4,517894
1,5,517894
1,6,517894
1,7,517894
1,8,517894
1,9,519942
1,10,519942
1,11,519942
2,1,518918
2,2,519942
2,3,519942
2,4,519686
2,5,519686
2,6,519686
2,7,519686
2,8,519686
2,9,519686
2,10,519686
2,11,519942
3,1,518918
3,2,518918
3,3,518918
3,4,516870
3,5,516870
3,6,516870
3,7,516870
3,8,516870
3,9,516870
3,10,516870
3,11,516870
4,1,518918
4,2,518918
4,3,518918
4,4,518918
4,5,518918
4,6,1043206
4,7,1043206
4,8,1043206
4,9,1044230
4,10,1042182
4,11,1042182
5,1,518918
5,2,518662
5,3,518662
5,4,518662
5,5,519686
5,6,519942
5,7,519942
5,8,519942
5,9,519940
5,10,519940
5,11,519940
6,1,518918
6,2,518918
6,3,518918
6,4,518918
6,5,518918
6,6,387846
6,7,387846
6,8,912134
6,9,912134
6,10,911878
6,11,911878
7,1,518918
7,2,518918
7,3,518918
7,4,518918
7,5,518918
7,6,518918
7,7,518918
7,8,518918
7,9,518918
7,10,518918
7,11,519046
8,1,518918
8,2,518918
8,3,518918
8,4,518918
8,5,519942
8,6,1044230
8,7,1048326
8,8,1048326
8,9,1048326
8,10,1048326
8,11,1048326
9,1,518918
9,2,518918
9,3,519942
9,4,519938
9,5,388866
9,6,388866
9,7,388866
9,8,388866
9,9,388866
9,10,388866
9,11,356098
10,1,518918
10,2,518918
10,3,1043206
10,4,1043334
10,5,1043334
10,6,1043334
10,7,1043334
10,8,1043334
10,9,1043334
10,10,1043334
10,11,1044358
1,1,519686
1,2,517638
1,3,517126
1,4,517126
1,5,517126
1,6,517126
1,7,517126
1,8,517126
1,9,516102
1,10,507910
1,11,507910
2,1,519686
2,2,519686
2,3,519686
2,4,519942
2,5,519942
2,6,519942
2,7,520070
2,8,520071
2,9,518023
2,10,518023
2,11,518023
3,1,519686
3,2,1043974
3,3,1043975
3,4,1043975
3,5,1043975
3,6,1043975
3,7,1041927
3,8,1041927
3,9,1041927
3,10,1041927
3,11,1041927
4,1,519686
4,2,519686
4,3,519686
4,4,519942
4,5,519942
4,6,519942
4,7,517894
4,8,517894
4,9,517894
4,10,386822
4,11,386822
5,1,519686
5,2,519686
5,3,519686
5,4,519686
5,5,519686
5,6,519686
5,7,519686
5,8,523782
5,9,523782
5,10,523782
5,11,523782
6,1,519686
6,2,519686
6,3,519686
6,4,519686
6,5,518662
6,6,518662
6,7,518662
6,8,518658
6,9,518658
6,10,518658
6,11,387586
7,1,519686
7,2,519686
7,3,519686
7,4,517638
7,5,517638
7,6,517638
7,7,517638
7,8,517638
7,9,1041926
7,10,1041926
7,11,1041926
8,1,519686
8,2,519686
8,3,519686
8,4,519686
8,5,519686
8,6,519686
8,7,519686
8,8,519686
8,9,519686
8,10,519814
8,11,519814
9,1,519686
9,2,519686
9,3,519686
9,4,519686
9,5,518662
9,6,518662
9,7,518662
9,8,518662
9,9,518662
9,10,518662
9,11,516614
10,1,519686
10,2,519686
10,3,519686
10,4,1043974
10,5,1043974
10,6,1044230
10,7,1044230
10,8,1044230
10,9,1044230
10,10,1044230
10,11,1044230
1,1,519815
1,2,519815
1,3,519814
1,4,519814
1,5,519814
1,6,519814
1,7,519814
1,8,519815
1,9,519687
1,10,519687
1,11,519687
2,1,519815
2,2,519815
2,3,517767
2,4,517767
2,5,501383
2,6,501383
2,7,501383
2,8,493191
2,9,493190
2,10,493191
2,11,493191
3,1,519815
3,2,519815
3,3,519815
3,4,520071
3,5,520071
3,6,520071
3,7,520071
3,8,520071
3,9,520071
3,10,520071
3,11,520071
4,1,519815
4,2,388743
4,3,388999
4,4,388999
4,5,386951
4,6,386951
4,7,386951
4,8,386951
4,9,386951
4,10,386951
4,11,388999
5,1,519815
5,2,519815
5,3,519815
5,4,518791
5,5,519047
5,6,519047
5,7,519047
5,8,519047
5,9,519047
5,10,519043
5,11,519042
6,1,519815
6,2,519815
6,3,519815
6,4,519815
6,5,519815
6,6,519815
6,7,519815
6,8,523911
6,9,1048199
6,10,1048199
6,11,1048199
7,1,519815
7,2,519815
7,3,520071
7,4,520071
7,5,520071
7,6,520071
7,7,520071
7,8,1044359
7,9,1044359
7,10,1044359
7,11,1044359
8,1,519815
8,2,519815
8,3,518791
8,4,518791
8,5,518791
8,6,518791
8,7,518791
8,8,518789
8,9,518789
8,10,519813
8,11,519813
9,1,519815
9,2,519815
9,3,519815
9,4,519815
9,5,520071
9,6,520071
9,7,520071
9,8,520071
9,9,520071
9,10,520071
9,11,520071
10,1,519815
10,2,519815
10,3,519815
10,4,503431
10,5,503687
10,6,503687
10,7,503687
10,8,503687
10,9,503687
10,10,503687
10,11,507783
1,1,520065
1,2,520065
1,3,520065
1,4,518017
1,5,518017
1,6,518016
1,7,518016
1,8,518016
1,9,386944
1,10,518016
1,11,518016
2,1,520065
2,2,520065
2,3,520065
2,4,520065
2,5,1044353
2,6,1044353
2,7,1044353
2,8,1044352
2,9,1044352
2,10,1044352
2,11,1044352
3,1,520065
3,2,520065
3,3,520065
3,4,520065
3,5,518017
3,6,518017
3,7,518016
3,8,518016
3,9,518016
3,10,518016
3,11,518016
4,1,520065
4,2,520065
4,3,520065
4,4,520065
4,5,519809
4,6,1044097
4,7,1044101
4,8,1044101
4,9,1044101
4,10,1044101
4,11,1044101
5,1,520065
5,2,520065
5,3,520065
5,4,520065
5,5,503681
5,6,503681
5,7,503681
5,8,503681
5,9,503681
5,10,503685
5,11,503681
6,1,520065
6,2,1044353
6,3,1044353
6,4,1044353
6,5,1044353
6,6,1044353
6,7,1044353
6,8,1044353
6,9,1027969
6,10,1027969
6,11,1025921
7,1,520065
7,2,520065
7,3,520064
7,4,520068
7,5,520068
7,6,520068
7,7,520068
7,8,520068
7,9,520068
7,10,520068
7,11,520068
8,1,520065
8,2,519041
8,3,519045
8,4,519045
8,5,519045
8,6,520069
8,7,520069
8,8,520069
8,9,520069
8,10,520069
8,11,520069
9,1,520065
9,2,520064
9,3,520064
9,4,520064
9,5,520064
9,6,520064
9,7,519808
9,8,520064
9,9,520064
9,10,520064
9,11,520064
10,1,520065
10,2,520065
10,3,520067
10,4,520067
10,5,520067
10,6,520067
10,7,520067
10,8,520066
10,9,520066
10,10,520066
10,11,520098
