simulation,timestep,config_id
1,1,520070
1,2,520070
1,3,520070
1,4,520070
1,5,520070
1,6,520070
1,7,520070
1,8,520070
1,9,520070
1,10,520070
1,11,520070
2,1,520070
2,2,520070
2,3,520070
2,4,520070
2,5,520070
2,6,520070
2,7,520070
2,8,520070
2,9,520070
2,10,520070
2,11,520070
3,1,520070
3,2,520071
3,3,520071
3,4,520071
3,5,1044359
3,6,1044358
3,7,1044358
3,8,1044358
3,9,1044358
3,10,1044358
3,11,1044358
4,1,520070
4,2,520070
4,3,520070
4,4,520070
4,5,520070
4,6,520070
4,7,520070
4,8,520070
4,9,520070
4,10,520071
4,11,503687
5,1,520070
5,2,519814
5,3,519814
5,4,519814
5,5,519814
5,6,523910
5,7,523910
5,8,523910
5,9,523910
5,10,523910
5,11,523910
6,1,520070
6,2,520070
6,3,520070
6,4,520070
6,5,518022
6,6,518022
6,7,518022
6,8,518022
6,9,518022
6,10,518022
6,11,518022
7,1,520070
7,2,520070
7,3,1044358
7,4,1044354
7,5,1044354
7,6,1044355
7,7,1044355
7,8,1044355
7,9,1044355
7,10,1042307
7,11,1042307
8,1,520070
8,2,520070
8,3,520070
8,4,520070
8,5,520070
8,6,520070
8,7,520070
8,8,520070
8,9,520070
8,10,520070
8,11,520070
9,1,520070
9,2,520070
9,3,520070
9,4,520070
9,5,520070
9,6,520070
9,7,520070
9,8,520070
9,9,520070
9,10,520070
9,11,520070
10,1,520070
10,2,520070
10,3,520070
10,4,520070
10,5,520070
10,6,388998
10,7,388998
10,8,386950
10,9,386950
10,10,386950
10,11,386950
1,1,520071
1,2,520071
1,3,520071
1,4,520071
1,5,520071
1,6,520071
1,7,520071
1,8,520071
1,9,520071
1,10,520071
1,11,520071
2,1,520071
2,2,520071
2,3,520071
2,4,520071
2,5,520071
2,6,1044359
2,7,1044359
2,8,1044359
2,9,1044359
2,10,1044359
2,11,1044359
3,1,520071
3,2,520071
3,3,520071
3,4,503687
3,5,520071
3,6,503687
3,7,503687
3,8,503687
3,9,503687
3,10,503687
3,11,503687
4,1,520071
4,2,520071
4,3,520071
4,4,520071
4,5,520071
4,6,520071
4,7,520071
4,8,520071
4,9,520070
4,10,520070
4,11,520070
5,1,520071
5,2,520071
5,3,520071
5,4,503687
5,5,503687
5,6,503687
5,7,503687
5,8,503687
5,9,503687
5,10,503687
5,11,1027975
6,1,520071
6,2,520071
6,3,520071
6,4,520071
6,5,520071
6,6,520071
6,7,520071
6,8,520071
6,9,503687
6,10,503687
6,11,503687
7,1,520071
7,2,520071
7,3,520071
7,4,520071
7,5,520071
7,6,520071
7,7,520071
7,8,520071
7,9,520071
7,10,520071
7,11,520071
8,1,520071
8,2,520071
8,3,520071
8,4,520071
8,5,520071
8,6,520071
8,7,520071
8,8,520071
8,9,524167
8,10,524167
8,11,524167
9,1,520071
9,2,520071
9,3,520071
9,4,519047
9,5,519046
9,6,519046
9,7,519046
9,8,519046
9,9,519046
9,10,520070
9,11,520070
10,1,520071
10,2,520071
10,3,1044359
10,4,1044359
10,5,1044359
10,6,1044359
10,7,1044358
10,8,1044358
10,9,1044358
10,10,1044358
10,11,1044358
1,1,522118
1,2,522118
1,3,505734
1,4,505734
1,5,505734
1,6,505734
1,7,505734
1,8,505734
1,9,505734
1,10,505734
1,11,505734
2,1,522118
2,2,522118
2,3,522118
2,4,513926
2,5,513926
2,6,513926
2,7,513926
2,8,497542
2,9,497543
2,10,497543
2,11,497543
3,1,522118
3,2,522118
3,3,522118
3,4,505734
3,5,505734
3,6,505734
3,7,507782
3,8,507782
3,9,507782
3,10,507782
3,11,507782
4,1,522118
4,2,391046
4,3,386950
4,4,386950
4,5,386950
4,6,386950
4,7,386950
4,8,388998
4,9,388998
4,10,388870
4,11,388998
5,1,522118
5,2,522118
5,3,522118
5,4,513926
5,5,513926
5,6,513926
5,7,513926
5,8,513926
5,9,1038214
5,10,1038214
5,11,1038214
6,1,522118
6,2,522118
6,3,522118
6,4,522118
6,5,522118
6,6,522118
6,7,522118
6,8,522118
6,9,522118
6,10,522118
6,11,522118
7,1,522118
7,2,1046406
7,3,1046406
7,4,1046406
7,5,915334
7,6,1046406
7,7,1046406
7,8,1042310
7,9,1042310
7,10,1042310
7,11,1042310
8,1,522118
8,2,522118
8,3,522118
8,4,522118
8,5,522118
8,6,522118
8,7,522118
8,8,522118
8,9,522118
8,10,522118
8,11,505734
9,1,522118
9,2,522118
9,3,522118
9,4,522114
9,5,522114
9,6,522114
9,7,522114
9,8,522114
9,9,522114
9,10,522114
9,11,518018
10,1,522118
10,2,522118
10,3,505734
10,4,505734
10,5,505734
10,6,505606
10,7,505606
10,8,505734
10,9,505734
10,10,374662
10,11,370566
1,1,524165
1,2,524165
1,3,524165
1,4,524167
1,5,262023
1,6,262023
1,7,262023
1,8,262023
1,9,262023
1,10,262023
1,11,262023
2,1,524165
2,2,524173
2,3,524173
2,4,524173
2,5,524169
2,6,524169
2,7,524169
2,8,507785
2,9,507785
2,10,507787
2,11,507787
3,1,524165
3,2,524165
3,3,524165
3,4,524165
3,5,524165
3,6,524165
3,7,520069
3,8,520065
3,9,520067
3,10,520071
3,11,520071
4,1,524165
4,2,524165
4,3,524165
4,4,524165
4,5,524165
4,6,524165
4,7,524165
4,8,524165
4,9,524164
4,10,524164
4,11,524164
5,1,524165
5,2,524164
5,3,524164
5,4,524164
5,5,524164
5,6,524164
5,7,522116
5,8,521092
5,9,521092
5,10,521092
5,11,516996
6,1,524165
6,2,524165
6,3,524165
6,4,524165
6,5,524165
6,6,524165
6,7,524167
6,8,524167
6,9,524167
6,10,524167
6,11,524167
7,1,524165
7,2,524165
7,3,524165
7,4,524164
7,5,524164
7,6,522116
7,7,524164
7,8,524164
7,9,524164
7,10,524164
7,11,524160
8,1,524165
8,2,507781
8,3,507783
8,4,507782
8,5,503686
8,6,503686
8,7,503686
8,8,503686
8,9,503686
8,10,503686
8,11,520070
9,1,524165
9,2,524165
9,3,524165
9,4,524165
9,5,524165
9,6,524165
9,7,524165
9,8,524165
9,9,524165
9,10,524165
9,11,524165
10,1,524165
10,2,524165
10,3,524165
10,4,524165
10,5,507781
10,6,507781
10,7,507781
10,8,507781
10,9,507781
10,10,507781
10,11,507781
1,1,524167
1,2,524167
1,3,524167
1,4,524167
1,5,524167
1,6,524167
1,7,524167
1,8,524167
1,9,524167
1,10,524167
1,11,524167
2,1,524167
2,2,524167
2,3,524167
2,4,524167
2,5,524167
2,6,524167
2,7,524167
2,8,524167
2,9,524167
2,10,524167
2,11,524167
3,1,524167
3,2,524167
3,3,524167
3,4,520071
3,5,1044359
3,6,1044359
3,7,1044359
3,8,1044358
3,9,1044358
3,10,1044358
3,11,1044358
4,1,524167
4,2,524167
4,3,524167
4,4,524167
4,5,524167
4,6,524167
4,7,524167
4,8,524167
4,9,524167
4,10,524167
4,11,524167
5,1,524167
5,2,524167
5,3,524167
5,4,524167
5,5,524167
5,6,524167
5,7,524167
5,8,524167
5,9,524167
5,10,524167
5,11,1048455
6,1,524167
6,2,524167
6,3,524167
6,4,524167
6,5,520071
6,6,520071
6,7,520071
6,8,520071
6,9,1044359
6,10,1044359
6,11,1044359
7,1,524167
7,2,524167
7,3,524167
7,4,524167
7,5,524167
7,6,524167
7,7,524167
7,8,524167
7,9,491399
7,10,491399
7,11,490375
8,1,524167
8,2,524167
8,3,524167
8,4,524166
8,5,1048454
8,6,1048454
8,7,1048454
8,8,1048454
8,9,1048454
8,10,1047430
8,11,1047430
9,1,524167
9,2,524166
9,3,524166
9,4,524166
9,5,524166
9,6,524166
9,7,524167
9,8,524167
9,9,524167
9,10,524167
9,11,524167
10,1,524167
10,2,524167
10,3,524167
10,4,524163
10,5,524163
10,6,524163
10,7,524163
10,8,524163
10,9,524163
10,10,524163
10,11,520067
1,1,524175
1,2,524175
1,3,524175
1,4,524175
1,5,524175
1,6,524175
1,7,524175
1,8,1048463
1,9,1048463
1,10,1048463
1,11,1048463
2,1,524175
2,2,524175
2,3,524175
2,4,524175
2,5,524175
2,6,524175
2,7,524175
2,8,524175
2,9,524175
2,10,524175
2,11,524175
3,1,524175
3,2,524175
3,3,524167
3,4,524167
3,5,507783
3,6,1032071
3,7,1032071
3,8,1032071
3,9,1032071
3,10,1030023
3,11,1030087
4,1,524175
4,2,524175
4,3,524175
4,4,515983
4,5,515983
4,6,515983
4,7,515983
4,8,515983
4,9,515983
4,10,515983
4,11,515983
5,1,524175
5,2,524175
5,3,524175
5,4,524175
5,5,491407
5,6,491471
5,7,1015759
5,8,1015759
5,9,1015759
5,10,1015759
5,11,1048527
6,1,524175
6,2,524167
6,3,524167
6,4,523143
6,5,523143
6,6,523143
6,7,523143
6,8,523143
6,9,523143
6,10,523143
6,11,523143
7,1,524175
7,2,524175
7,3,524174
7,4,524174
7,5,524174
7,6,524174
7,7,524175
7,8,1048463
7,9,1048463
7,10,1048463
7,11,1048463
8,1,524175
8,2,524173
8,3,1048461
8,4,1048461
8,5,1048461
8,6,1048461
8,7,1048461
8,8,1048461
8,9,1048461
8,10,1048461
8,11,1048461
9,1,524175
9,2,524175
9,3,524167
9,4,524167
9,5,507783
9,6,507783
9,7,507783
9,8,507783
9,9,507783
9,10,507783
9,11,507781
10,1,524175
10,2,524175
10,3,524175
10,4,524175
10,5,524175
10,6,524175
10,7,524175
10,8,524175
10,9,524175
10,10,524175
10,11,524175
1,1,525313
1,2,525313
1,3,525313
1,4,525313
1,5,525313
1,6,525313
1,7,525313
1,8,524289
1,9,524289
1,10,540673
1,11,802817
2,1,525313
2,2,525313
2,3,525313
2,4,533505
2,5,533505
2,6,533505
2,7,532481
2,8,532481
2,9,532481
2,10,532481
2,11,532993
3,1,525313
3,2,525312
3,3,525313
3,4,1025
3,5,1025
3,6,1025
3,7,1024
3,8,1024
3,9,0
3,10,0
3,11,0
4,1,525313
4,2,525313
4,3,525313
4,4,525313
4,5,525313
4,6,525313
4,7,525313
4,8,525313
4,9,525312
4,10,525312
4,11,525376
5,1,525313
5,2,1025
5,3,1025
5,4,1025
5,5,1025
5,6,1025
5,7,132097
5,8,132097
5,9,132097
5,10,132097
5,11,132097
6,1,525313
6,2,525313
6,3,525313
6,4,525313
6,5,525313
6,6,524289
6,7,524289
6,8,525313
6,9,525313
6,10,525313
6,11,525313
7,1,525313
7,2,787457
7,3,918529
7,4,918529
7,5,918529
7,6,918528
7,7,918528
7,8,787456
7,9,787456
7,10,787456
7,11,786432
8,1,525313
8,2,525313
8,3,525313
8,4,525313
8,5,525313
8,6,656385
8,7,656385
8,8,656385
8,9,656385
8,10,656385
8,11,918529
9,1,525313
9,2,525313
9,3,525313
9,4,525313
9,5,525313
9,6,525313
9,7,525313
9,8,525313
9,9,525313
9,10,525313
9,11,525313
10,1,525313
10,2,525313
10,3,525825
10,4,525825
10,5,525825
10,6,525825
10,7,525825
10,8,656897
10,9,656896
10,10,656896
10,11,656896
1,1,558594
1,2,558594
1,3,558594
1,4,558594
1,5,558594
1,6,558594
1,7,558594
1,8,558594
1,9,558594
1,10,558594
1,11,558722
2,1,558594
2,2,558594
2,3,558594
2,4,558594
2,5,558594
2,6,820738
2,7,820738
2,8,820738
2,9,820738
2,10,820738
2,11,820738
3,1,558594
3,2,558594
3,3,558594
3,4,558594
3,5,558594
3,6,558594
3,7,558594
3,8,558594
3,9,558594
3,10,558594
3,11,558594
4,1,558594
4,2,558594
4,3,558594
4,4,558594
4,5,558594
4,6,558594
4,7,566786
4,8,566786
4,9,566786
4,10,632322
4,11,632322
5,1,558594
5,2,558594
5,3,558594
5,4,566786
5,5,566786
5,6,566786
5,7,566786
5,8,566786
5,9,558594
5,10,558850
5,11,558850
6,1,558594
6,2,558594
6,3,558594
6,4,820738
6,5,820738
6,6,558594
6,7,558594
6,8,558594
6,9,558594
6,10,558594
6,11,558594
7,1,558594
7,2,34306
7,3,34306
7,4,34306
7,5,34306
7,6,34306
7,7,558594
7,8,558592
7,9,558592
7,10,558592
7,11,558592
8,1,558594
8,2,558594
8,3,574978
8,4,574978
8,5,574978
8,6,574978
8,7,574978
8,8,577026
8,9,577026
8,10,577026
8,11,577026
9,1,558594
9,2,558594
9,3,558594
9,4,566786
9,5,566786
9,6,566786
9,7,566786
9,8,566786
9,9,566786
9,10,566786
9,11,566786
10,1,558594
10,2,558594
10,3,558594
10,4,558594
10,5,820738
10,6,820738
10,7,828930
10,8,828930
10,9,828930
10,10,828930
10,11,827906
1,1,626566
1,2,626566
1,3,626566
1,4,626566
1,5,626566
1,6,624518
1,7,624518
1,8,624518
1,9,624518
1,10,624519
1,11,624519
2,1,626566
2,2,626566
2,3,626566
2,4,626566
2,5,630662
2,6,630662
2,7,630662
2,8,630662
2,9,630662
2,10,630662
2,11,630662
3,1,626566
3,2,626566
3,3,626566
3,4,626310
3,5,626310
3,6,626310
3,7,626310
3,8,626310
3,9,626310
3,10,626310
3,11,626310
4,1,626566
4,2,626566
4,3,626566
4,4,626567
4,5,626567
4,6,626567
4,7,626567
4,8,626567
4,9,626567
4,10,626567
4,11,626567
5,1,626566
5,2,626566
5,3,626566
5,4,626566
5,5,626566
5,6,626566
5,7,626562
5,8,626562
5,9,626562
5,10,626562
5,11,626562
6,1,626566
6,2,626566
6,3,626566
6,4,634758
6,5,634758
6,6,634758
6,7,634758
6,8,634758
6,9,634758
6,10,634758
6,11,634758
7,1,626566
7,2,624518
7,3,624518
7,4,624518
7,5,624518
7,6,624518
7,7,624518
7,8,624518
7,9,624518
7,10,886662
7,11,886662
8,1,626566
8,2,630662
8,3,638854
8,4,638854
8,5,638854
8,6,638854
8,7,638854
8,8,638854
8,9,638854
8,10,638854
8,11,638854
9,1,626566
9,2,626566
9,3,626566
9,4,626566
9,5,626566
9,6,626566
9,7,626566
9,8,626566
9,9,626566
9,10,626566
9,11,626566
10,1,626566
10,2,626566
10,3,626566
10,4,626566
10,5,626566
10,6,626566
10,7,102278
10,8,102278
10,9,102278
10,10,102278
10,11,102278
1,1,631680
1,2,631680
1,3,631680
1,4,631680
1,5,631680
1,6,631680
1,7,631680
1,8,631680
1,9,631680
1,10,631680
1,11,631680
2,1,631680
2,2,631680
2,3,631680
2,4,631680
2,5,631682
2,6,631682
2,7,107394
2,8,107138
2,9,107138
2,10,107138
2,11,107138
3,1,631680
3,2,631680
3,3,631680
3,4,631680
3,5,893824
3,6,893824
3,7,893824
3,8,893824
3,9,893826
3,10,910210
3,11,910210
4,1,631680
4,2,631680
4,3,631680
4,4,631680
4,5,631680
4,6,631680
4,7,631680
4,8,631680
4,9,631680
4,10,631680
4,11,631680
5,1,631680
5,2,631680
5,3,631680
5,4,623488
5,5,623488
5,6,623488
5,7,623488
5,8,623490
5,9,623490
5,10,623490
5,11,623490
6,1,631680
6,2,566144
6,3,557952
6,4,557952
6,5,557952
6,6,33664
6,7,33664
6,8,33664
6,9,99200
6,10,99200
6,11,99200
7,1,631680
7,2,631680
7,3,631680
7,4,631680
7,5,631680
7,6,631680
7,7,631680
7,8,631680
7,9,631680
7,10,631680
7,11,631680
8,1,631680
8,2,631680
8,3,631680
8,4,631680
8,5,631680
8,6,631680
8,7,648064
8,8,123776
8,9,123776
8,10,123776
8,11,123776
9,1,631680
9,2,631680
9,3,631680
9,4,631682
9,5,631682
9,6,631682
9,7,631682
9,8,631682
9,9,631682
9,10,631682
9,11,631682
10,1,631680
10,2,631680
10,3,648064
10,4,910208
10,5,1041280
10,6,1041280
10,7,1041280
10,8,1041280
10,9,1041280
10,10,1041280
10,11,1041152
1,1,632320
1,2,632320
1,3,632320
1,4,632320
1,5,632320
1,6,632320
1,7,632320
1,8,632320
1,9,632320
1,10,632320
1,11,631296
2,1,632320
2,2,632322
2,3,632322
2,4,632322
2,5,632322
2,6,632450
2,7,632450
2,8,632450
2,9,632450
2,10,632450
2,11,632450
3,1,632320
3,2,632320
3,3,632320
3,4,634368
3,5,634496
3,6,634496
3,7,634496
3,8,634496
3,9,634496
3,10,634496
3,11,632448
4,1,632320
4,2,631296
4,3,631296
4,4,631296
4,5,647680
4,6,647680
4,7,647680
4,8,647680
4,9,647680
4,10,647680
4,11,647680
5,1,632320
5,2,632320
5,3,632320
5,4,632320
5,5,632320
5,6,632320
5,7,632320
5,8,632320
5,9,632320
5,10,632320
5,11,632320
6,1,632320
6,2,624128
6,3,624128
6,4,624128
6,5,624128
6,6,624128
6,7,624128
6,8,624128
6,9,624128
6,10,624128
6,11,624128
7,1,632320
7,2,632320
7,3,632320
7,4,632320
7,5,632320
7,6,632320
7,7,632320
7,8,632320
7,9,632320
7,10,632320
7,11,632322
8,1,632320
8,2,632320
8,3,632320
8,4,632320
8,5,632320
8,6,632320
8,7,632320
8,8,632320
8,9,632320
8,10,632320
8,11,632320
9,1,632320
9,2,632320
9,3,632320
9,4,632320
9,5,632322
9,6,632322
9,7,632322
9,8,632322
9,9,632322
9,10,632322
9,11,763394
10,1,632320
10,2,632320
10,3,632320
10,4,632320
10,5,632320
10,6,632320
10,7,632320
10,8,632320
10,9,632448
10,10,632448
10,11,632448
1,1,632322
1,2,632322
1,3,648706
1,4,648706
1,5,648962
1,6,651010
1,7,651010
1,8,651138
1,9,651138
1,10,651138
1,11,651138
2,1,632322
2,2,648706
2,3,648706
2,4,648706
2,5,648706
2,6,910850
2,7,648706
2,8,650754
2,9,650754
2,10,650754
2,11,126466
3,1,632322
3,2,632322
3,3,632322
3,4,632322
3,5,632322
3,6,631298
3,7,631298
3,8,631298
3,9,631302
3,10,631302
3,11,631302
4,1,632322
4,2,632322
4,3,632322
4,4,632322
4,5,632322
4,6,632322
4,7,632322
4,8,632322
4,9,632322
4,10,632322
4,11,632322
5,1,632322
5,2,632322
5,3,632322
5,4,632322
5,5,632322
5,6,632322
5,7,634370
5,8,634370
5,9,634370
5,10,634370
5,11,634370
6,1,632322
6,2,632322
6,3,632322
6,4,632322
6,5,631298
6,6,631298
6,7,893442
6,8,893442
6,9,893442
6,10,893446
6,11,893446
7,1,632322
7,2,632322
7,3,632322
7,4,624130
7,5,624130
7,6,624130
7,7,632322
7,8,632322
7,9,632322
7,10,632322
7,11,632322
8,1,632322
8,2,632322
8,3,632322
8,4,632322
8,5,632322
8,6,632322
8,7,632322
8,8,632322
8,9,632322
8,10,632322
8,11,632320
9,1,632322
9,2,632322
9,3,632322
9,4,632322
9,5,632322
9,6,632322
9,7,632322
9,8,632322
9,9,632322
9,10,894466
9,11,894466
10,1,632322
10,2,648706
10,3,648706
10,4,648706
10,5,648706
10,6,650754
10,7,650754
10,8,650754
10,9,648706
10,10,648710
10,11,648710
1,1,632448
1,2,632448
1,3,632448
1,4,632448
1,5,632448
1,6,632448
1,7,632448
1,8,632448
1,9,632448
1,10,632448
1,11,632448
2,1,632448
2,2,632448
2,3,632448
2,4,632448
2,5,632448
2,6,632448
2,7,632448
2,8,632448
2,9,632448
2,10,632448
2,11,632448
3,1,632448
3,2,632448
3,3,632448
3,4,632448
3,5,632448
3,6,632448
3,7,632448
3,8,634496
3,9,634496
3,10,634496
3,11,634496
4,1,632448
4,2,632448
4,3,632448
4,4,632448
4,5,632448
4,6,632448
4,7,632448
4,8,632448
4,9,632448
4,10,632448
4,11,632448
5,1,632448
5,2,632448
5,3,632448
5,4,632448
5,5,632448
5,6,632448
5,7,632448
5,8,632448
5,9,632448
5,10,632448
5,11,632448
6,1,632448
6,2,632448
6,3,632448
6,4,632448
6,5,632448
6,6,632448
6,7,632320
6,8,632320
6,9,108032
6,10,108032
6,11,108032
7,1,632448
7,2,632448
7,3,632448
7,4,632448
7,5,632704
7,6,894848
7,7,894848
7,8,894848
7,9,894848
7,10,894848
7,11,886656
8,1,632448
8,2,632448
8,3,632448
8,4,632448
8,5,632448
8,6,632448
8,7,632448
8,8,632448
8,9,632448
8,10,632450
8,11,632450
9,1,632448
9,2,632448
9,3,632448
9,4,632448
9,5,632448
9,6,632448
9,7,632448
9,8,632448
9,9,632320
9,10,632320
9,11,632320
10,1,632448
10,2,632448
10,3,632448
10,4,632448
10,5,632448
10,6,632320
10,7,894464
10,8,894464
10,9,894464
10,10,894464
10,11,894464
1,1,632706
1,2,632706
1,3,632706
1,4,632706
1,5,632706
1,6,632706
1,7,632706
1,8,632706
1,9,632706
1,10,632706
1,11,632706
2,1,632706
2,2,632706
2,3,632710
2,4,632710
2,5,632710
2,6,108422
2,7,108422
2,8,108422
2,9,108166
2,10,107142
2,11,107142
3,1,632706
3,2,567170
3,3,567170
3,4,567170
3,5,567170
3,6,566914
3,7,566914
3,8,566786
3,9,568834
3,10,568962
3,11,568962
4,1,632706
4,2,894850
4,3,894850
4,4,894850
4,5,911234
4,6,386946
4,7,386946
4,8,386946
4,9,518018
4,10,518022
4,11,518022
5,1,632706
5,2,632706
5,3,632706
5,4,632706
5,5,634754
5,6,634754
5,7,638850
5,8,638850
5,9,638850
5,10,638850
5,11,638850
6,1,632706
6,2,632706
6,3,624514
6,4,624514
6,5,624514
6,6,624514
6,7,624514
6,8,624514
6,9,624514
6,10,624514
6,11,624514
7,1,632706
7,2,632710
7,3,632710
7,4,632710
7,5,632706
7,6,632706
7,7,632706
7,8,632706
7,9,632706
7,10,632706
7,11,632706
8,1,632706
8,2,632706
8,3,632706
8,4,632706
8,5,632706
8,6,632706
8,7,632706
8,8,632706
8,9,632704
8,10,632704
8,11,632704
9,1,632706
9,2,632706
9,3,632706
9,4,632706
9,5,624514
9,6,624514
9,7,624514
9,8,624514
9,9,624514
9,10,624514
9,11,624514
10,1,632706
10,2,632706
10,3,632706
10,4,632706
10,5,632706
10,6,632706
10,7,634754
10,8,634754
10,9,634754
10,10,626562
10,11,626562
1,1,632710
1,2,632710
1,3,632710
1,4,632710
1,5,632710
1,6,632710
1,7,649094
1,8,649094
1,9,649094
1,10,649094
1,11,649094
2,1,632710
2,2,632710
2,3,894854
2,4,894854
2,5,632710
2,6,632710
2,7,631686
2,8,648070
2,9,650118
2,10,650114
2,11,650118
3,1,632710
3,2,632710
3,3,632710
3,4,632710
3,5,634758
3,6,634758
3,7,634758
3,8,634758
3,9,634758
3,10,634758
3,11,634758
4,1,632710
4,2,632710
4,3,632454
4,4,632454
4,5,632454
4,6,632454
4,7,632454
4,8,632454
4,9,648838
4,10,648838
4,11,648838
5,1,632710
5,2,632710
5,3,632710
5,4,632710
5,5,632710
5,6,632710
5,7,632710
5,8,632710
5,9,632710
5,10,632710
5,11,649094
6,1,632710
6,2,632710
6,3,632710
6,4,108422
6,5,108422
6,6,108422
6,7,370566
6,8,362374
6,9,364422
6,10,364422
6,11,362374
7,1,632710
7,2,632710
7,3,632710
7,4,632710
7,5,632710
7,6,632710
7,7,632710
7,8,632710
7,9,763782
7,10,765830
7,11,769926
8,1,632710
8,2,624518
8,3,624518
8,4,624518
8,5,624518
8,6,624518
8,7,624518
8,8,755590
8,9,755590
8,10,755590
8,11,755590
9,1,632710
9,2,632710
9,3,632710
9,4,632710
9,5,632706
9,6,632706
9,7,632706
9,8,632706
9,9,632706
9,10,632706
9,11,632706
10,1,632710
10,2,632710
10,3,632710
10,4,632710
10,5,632710
10,6,632706
10,7,632706
10,8,632706
10,9,632706
10,10,632706
10,11,632706
1,1,633472
1,2,633472
1,3,633472
1,4,633472
1,5,633472
1,6,631424
1,7,623232
1,8,623232
1,9,623232
1,10,623488
1,11,623488
2,1,633472
2,2,633472
2,3,633472
2,4,633472
2,5,633472
2,6,633472
2,7,633472
2,8,633472
2,9,633472
2,10,649856
2,11,649856
3,1,633472
3,2,625280
3,3,625280
3,4,625152
3,5,625152
3,6,625154
3,7,625154
3,8,625154
3,9,625154
3,10,625410
3,11,625410
4,1,633472
4,2,633472
4,3,631424
4,4,631424
4,5,631424
4,6,631424
4,7,631424
4,8,631424
4,9,631424
4,10,631424
4,11,631424
5,1,633472
5,2,633728
5,3,633472
5,4,633472
5,5,633472
5,6,631424
5,7,631424
5,8,631424
5,9,631424
5,10,631424
5,11,631424
6,1,633472
6,2,633472
6,3,633728
6,4,633728
6,5,633728
6,6,633728
6,7,633728
6,8,633728
6,9,764800
6,10,765824
6,11,765824
7,1,633472
7,2,634496
7,3,634496
7,4,634496
7,5,634496
7,6,634496
7,7,634752
7,8,634752
7,9,634752
7,10,634752
7,11,634752
8,1,633472
8,2,633472
8,3,633472
8,4,649856
8,5,649856
8,6,649856
8,7,650112
8,8,650112
8,9,650112
8,10,650112
8,11,650112
9,1,633472
9,2,633472
9,3,633472
9,4,631424
9,5,631424
9,6,631424
9,7,631424
9,8,631424
9,9,631424
9,10,631424
9,11,631424
10,1,633472
10,2,633472
10,3,633472
10,4,625280
10,5,625280
10,6,625280
10,7,625280
10,8,625280
10,9,625280
10,10,625280
10,11,623232
1,1,633728
1,2,633728
1,3,633728
1,4,633728
1,5,633728
1,6,633728
1,7,633728
1,8,633728
1,9,633728
1,10,633728
1,11,633728
2,1,633728
2,2,633728
2,3,634752
2,4,634754
2,5,634754
2,6,634754
2,7,634754
2,8,634758
2,9,634758
2,10,634758
2,11,634758
3,1,633728
3,2,633728
3,3,633728
3,4,633728
3,5,633728
3,6,633728
3,7,633728
3,8,633728
3,9,633728
3,10,634752
3,11,634752
4,1,633728
4,2,633732
4,3,633728
4,4,633728
4,5,633728
4,6,633728
4,7,634752
4,8,634752
4,9,634752
4,10,634752
4,11,634752
5,1,633728
5,2,633728
5,3,109440
5,4,109440
5,5,633728
5,6,633728
5,7,633728
5,8,633728
5,9,633729
5,10,633729
5,11,633729
6,1,633728
6,2,633728
6,3,633728
6,4,633728
6,5,634752
6,6,634752
6,7,634752
6,8,634752
6,9,634752
6,10,634752
6,11,634752
7,1,633728
7,2,633728
7,3,633728
7,4,633728
7,5,633728
7,6,633728
7,7,633728
7,8,633728
7,9,625536
7,10,626560
7,11,626560
8,1,633728
8,2,633728
8,3,633728
8,4,633728
8,5,633728
8,6,633728
8,7,633728
8,8,633728
8,9,633728
8,10,633728
8,11,633728
9,1,633728
9,2,633728
9,3,633728
9,4,633728
9,5,633728
9,6,633728
9,7,633728
9,8,633728
9,9,109440
9,10,109440
9,11,109440
10,1,633728
10,2,634752
10,3,634752
10,4,634752
10,5,634752
10,6,634752
10,7,634752
10,8,634752
10,9,634752
10,10,632704
10,11,108416
1,1,634370
1,2,634370
1,3,634370
1,4,634370
1,5,634370
1,6,634370
1,7,634370
1,8,634370
1,9,634370
1,10,634370
1,11,634370
2,1,634370
2,2,634370
2,3,634370
2,4,634370
2,5,634370
2,6,634370
2,7,634370
2,8,634370
2,9,634370
2,10,634370
2,11,634370
3,1,634370
3,2,634370
3,3,634370
3,4,634370
3,5,634370
3,6,634370
3,7,634370
3,8,634370
3,9,634370
3,10,634370
3,11,634370
4,1,634370
4,2,634370
4,3,634370
4,4,634370
4,5,634370
4,6,634368
4,7,634368
4,8,634368
4,9,634368
4,10,634368
4,11,634368
5,1,634370
5,2,634370
5,3,634370
5,4,634370
5,5,634370
5,6,634370
5,7,634370
5,8,634370
5,9,634370
5,10,634370
5,11,634370
6,1,634370
6,2,634370
6,3,634370
6,4,634370
6,5,634370
6,6,634370
6,7,634370
6,8,634370
6,9,634370
6,10,626178
6,11,626178
7,1,634370
7,2,634498
7,3,634502
7,4,634498
7,5,634498
7,6,634498
7,7,634498
7,8,634496
7,9,634496
7,10,634496
7,11,634496
8,1,634370
8,2,634370
8,3,634370
8,4,634374
8,5,634374
8,6,634630
8,7,634630
8,8,634630
8,9,634630
8,10,634630
8,11,634630
9,1,634370
9,2,110082
9,3,110082
9,4,110082
9,5,110082
9,6,110080
9,7,110080
9,8,110208
9,9,108160
9,10,108160
9,11,107136
10,1,634370
10,2,634370
10,3,634370
10,4,634370
10,5,634370
10,6,634370
10,7,638466
10,8,638466
10,9,638466
10,10,638466
10,11,638466
1,1,634374
1,2,634502
1,3,634502
1,4,634502
1,5,634502
1,6,634374
1,7,634374
1,8,632326
1,9,632326
1,10,632326
1,11,632326
2,1,634374
2,2,634374
2,3,634370
2,4,634370
2,5,634370
2,6,634370
2,7,634370
2,8,634374
2,9,634374
2,10,634374
2,11,634630
3,1,634374
3,2,634374
3,3,634374
3,4,634374
3,5,896518
3,6,896518
3,7,634374
3,8,110086
3,9,126470
3,10,126470
3,11,126470
4,1,634374
4,2,634374
4,3,634374
4,4,634374
4,5,634374
4,6,634374
4,7,634374
4,8,634374
4,9,634374
4,10,634374
4,11,634370
5,1,634374
5,2,634374
5,3,634374
5,4,634374
5,5,634374
5,6,634374
5,7,626182
5,8,634374
5,9,634374
5,10,634374
5,11,634374
6,1,634374
6,2,634374
6,3,896518
6,4,896518
6,5,896518
6,6,896518
6,7,896518
6,8,896518
6,9,896518
6,10,896518
6,11,912902
7,1,634374
7,2,634374
7,3,634502
7,4,634502
7,5,634502
7,6,634502
7,7,634502
7,8,634502
7,9,634502
7,10,634502
7,11,634502
8,1,634374
8,2,634374
8,3,634374
8,4,634502
8,5,634502
8,6,632454
8,7,632454
8,8,632454
8,9,632454
8,10,632454
8,11,632454
9,1,634374
9,2,634374
9,3,634374
9,4,634374
9,5,634374
9,6,634374
9,7,634370
9,8,634370
9,9,634370
9,10,634370
9,11,634370
10,1,634374
10,2,634374
10,3,634374
10,4,634374
10,5,110086
10,6,110086
10,7,110086
10,8,110086
10,9,110086
10,10,110086
10,11,110086
1,1,634496
1,2,634496
1,3,634496
1,4,634496
1,5,634496
1,6,634496
1,7,634496
1,8,634496
1,9,634496
1,10,634496
1,11,634496
2,1,634496
2,2,634496
2,3,634496
2,4,634496
2,5,650880
2,6,650880
2,7,650880
2,8,650880
2,9,650880
2,10,650880
2,11,650880
3,1,634496
3,2,634496
3,3,634496
3,4,634496
3,5,634496
3,6,634496
3,7,634496
3,8,634496
3,9,634498
3,10,632450
3,11,632450
4,1,634496
4,2,634496
4,3,634496
4,4,634496
4,5,634496
4,6,634496
4,7,634496
4,8,634496
4,9,634496
4,10,634496
4,11,634496
5,1,634496
5,2,634496
5,3,634496
5,4,634496
5,5,632448
5,6,632448
5,7,632448
5,8,632448
5,9,632448
5,10,632704
5,11,632704
6,1,634496
6,2,634496
6,3,632448
6,4,632450
6,5,632450
6,6,632450
6,7,634498
6,8,634498
6,9,634498
6,10,634498
6,11,634498
7,1,634496
7,2,634496
7,3,634496
7,4,634496
7,5,634496
7,6,634496
7,7,634752
7,8,634752
7,9,634752
7,10,634752
7,11,634752
8,1,634496
8,2,634496
8,3,634496
8,4,632448
8,5,632448
8,6,632448
8,7,632448
8,8,631424
8,9,631424
8,10,631424
8,11,631424
9,1,634496
9,2,634496
9,3,634496
9,4,634752
9,5,634754
9,6,634754
9,7,634754
9,8,634754
9,9,632706
9,10,632706
9,11,624514
10,1,634496
10,2,634496
10,3,634496
10,4,634496
10,5,634496
10,6,634496
10,7,634496
10,8,634496
10,9,634496
10,10,634496
10,11,634497
