simulation,timestep,config_id
1,1,634498
1,2,634754
1,3,634754
1,4,634754
1,5,634758
1,6,110470
1,7,110470
1,8,110470
1,9,110470
1,10,110470
1,11,110470
2,1,634498
2,2,632450
2,3,632450
2,4,632450
2,5,632450
2,6,632706
2,7,632706
2,8,632706
2,9,632706
2,10,632706
2,11,632706
3,1,634498
3,2,634498
3,3,634498
3,4,634498
3,5,634498
3,6,634498
3,7,634498
3,8,634498
3,9,634496
3,10,634496
3,11,634496
4,1,634498
4,2,634498
4,3,634498
4,4,634498
4,5,634498
4,6,634498
4,7,634498
4,8,634498
4,9,634498
4,10,634498
4,11,634498
5,1,634498
5,2,650882
5,3,650882
5,4,650882
5,5,126594
5,6,126850
5,7,126850
5,8,126850
5,9,126850
5,10,257922
5,11,257922
6,1,634498
6,2,634370
6,3,634370
6,4,634370
6,5,634370
6,6,634370
6,7,634370
6,8,634370
6,9,634370
6,10,634370
6,11,634370
7,1,634498
7,2,634498
7,3,634498
7,4,634498
7,5,634498
7,6,634498
7,7,634498
7,8,634498
7,9,634498
7,10,634498
7,11,634754
8,1,634498
8,2,634498
8,3,634498
8,4,634498
8,5,634498
8,6,634498
8,7,634498
8,8,634498
8,9,634498
8,10,634498
8,11,634498
9,1,634498
9,2,634498
9,3,634498
9,4,634498
9,5,634498
9,6,634498
9,7,634498
9,8,634498
9,9,634498
9,10,896642
9,11,896642
10,1,634498
10,2,634498
10,3,634498
10,4,634498
10,5,634502
10,6,634758
10,7,634754
10,8,634754
10,9,634754
10,10,634754
10,11,634754
1,1,634502
1,2,634502
1,3,634502
1,4,634502
1,5,634502
1,6,634502
1,7,634502
1,8,634502
1,9,634502
1,10,634502
1,11,634502
2,1,634502
2,2,634502
2,3,634502
2,4,634502
2,5,634758
2,6,634754
2,7,634754
2,8,634754
2,9,638850
2,10,638882
2,11,638882
3,1,634502
3,2,634502
3,3,634502
3,4,634502
3,5,638598
3,6,638598
3,7,638598
3,8,638598
3,9,638598
3,10,638854
3,11,638854
4,1,634502
4,2,634758
4,3,634758
4,4,634758
4,5,638854
4,6,769926
4,7,769926
4,8,769926
4,9,769926
4,10,769926
4,11,769926
5,1,634502
5,2,634502
5,3,634502
5,4,634502
5,5,634502
5,6,765574
5,7,765574
5,8,765574
5,9,634502
5,10,638598
5,11,638630
6,1,634502
6,2,634502
6,3,634502
6,4,634502
6,5,634502
6,6,634502
6,7,634502
6,8,634502
6,9,634758
6,10,634758
6,11,634758
7,1,634502
7,2,634758
7,3,634758
7,4,634758
7,5,634758
7,6,638854
7,7,638854
7,8,638854
7,9,638854
7,10,638854
7,11,638854
8,1,634502
8,2,634502
8,3,634502
8,4,634502
8,5,634502
8,6,634502
8,7,634502
8,8,765574
8,9,765570
8,10,765442
8,11,1027586
9,1,634502
9,2,634502
9,3,634502
9,4,634502
9,5,634502
9,6,650886
9,7,650886
9,8,650886
9,9,650886
9,10,650886
9,11,650886
10,1,634502
10,2,634502
10,3,634502
10,4,638598
10,5,638598
10,6,638598
10,7,638598
10,8,638598
10,9,638598
10,10,638598
10,11,638598
1,1,634752
1,2,634752
1,3,634752
1,4,634752
1,5,634752
1,6,634752
1,7,896896
1,8,896896
1,9,896896
1,10,896896
1,11,896896
2,1,634752
2,2,634752
2,3,651136
2,4,651136
2,5,651136
2,6,651136
2,7,651136
2,8,634752
2,9,110464
2,10,110464
2,11,110464
3,1,634752
3,2,634752
3,3,634752
3,4,632704
3,5,632704
3,6,632704
3,7,632704
3,8,632704
3,9,632704
3,10,632704
3,11,632704
4,1,634752
4,2,634752
4,3,634752
4,4,634752
4,5,634752
4,6,634752
4,7,110464
4,8,110464
4,9,110464
4,10,110464
4,11,110464
5,1,634752
5,2,634752
5,3,634752
5,4,634752
5,5,634752
5,6,634752
5,7,634752
5,8,634752
5,9,634754
5,10,634754
5,11,634754
6,1,634752
6,2,634752
6,3,634752
6,4,634752
6,5,634752
6,6,634752
6,7,634754
6,8,634754
6,9,634754
6,10,634754
6,11,634754
7,1,634752
7,2,634752
7,3,634752
7,4,634752
7,5,634752
7,6,634752
7,7,634752
7,8,765824
7,9,765824
7,10,765824
7,11,765824
8,1,634752
8,2,634752
8,3,634752
8,4,634752
8,5,634752
8,6,634752
8,7,634752
8,8,634752
8,9,765824
8,10,765824
8,11,765824
9,1,634752
9,2,765824
9,3,769920
9,4,769921
9,5,769921
9,6,769953
9,7,769952
9,8,769920
9,9,769920
9,10,769664
9,11,769664
10,1,634752
10,2,634752
10,3,634752
10,4,634752
10,5,634752
10,6,765824
10,7,765824
10,8,765824
10,9,765824
10,10,765826
10,11,765826
1,1,634754
1,2,634754
1,3,634754
1,4,634754
1,5,765826
1,6,765826
1,7,769922
1,8,769920
1,9,769920
1,10,769920
1,11,769921
2,1,634754
2,2,634758
2,3,634758
2,4,634758
2,5,634758
2,6,634758
2,7,634758
2,8,626566
2,9,626566
2,10,626566
2,11,626566
3,1,634754
3,2,634754
3,3,634754
3,4,634754
3,5,634754
3,6,634754
3,7,634754
3,8,634754
3,9,634754
3,10,634754
3,11,634754
4,1,634754
4,2,634754
4,3,638850
4,4,638854
4,5,638850
4,6,638850
4,7,638850
4,8,634754
4,9,634754
4,10,634754
4,11,634754
5,1,634754
5,2,634754
5,3,634754
5,4,634754
5,5,634754
5,6,634754
5,7,634754
5,8,634754
5,9,634754
5,10,634755
5,11,634755
6,1,634754
6,2,634754
6,3,634754
6,4,634754
6,5,634754
6,6,634754
6,7,634754
6,8,634754
6,9,634754
6,10,634754
6,11,634754
7,1,634754
7,2,634754
7,3,634754
7,4,634754
7,5,634754
7,6,634754
7,7,634754
7,8,634754
7,9,634754
7,10,634752
7,11,634752
8,1,634754
8,2,896898
8,3,896898
8,4,896898
8,5,896898
8,6,896898
8,7,896898
8,8,896898
8,9,894850
8,10,894850
8,11,894850
9,1,634754
9,2,634754
9,3,634754
9,4,634754
9,5,765826
9,6,765826
9,7,763778
9,8,763778
9,9,763778
9,10,765826
9,11,765827
10,1,634754
10,2,634754
10,3,634754
10,4,634754
10,5,765826
10,6,765698
10,7,634626
10,8,634626
10,9,634370
10,10,634370
10,11,634370
1,1,634758
1,2,634758
1,3,634758
1,4,634758
1,5,634758
1,6,765830
1,7,765830
1,8,765830
1,9,765830
1,10,1027974
1,11,1027974
2,1,634758
2,2,634758
2,3,634758
2,4,634758
2,5,634758
2,6,634758
2,7,634758
2,8,634758
2,9,634758
2,10,634758
2,11,634758
3,1,634758
3,2,634758
3,3,634758
3,4,634758
3,5,634758
3,6,634758
3,7,634758
3,8,634758
3,9,634759
3,10,634759
3,11,634759
4,1,634758
4,2,634758
4,3,634758
4,4,634758
4,5,634758
4,6,634758
4,7,634758
4,8,634758
4,9,634758
4,10,634758
4,11,634758
5,1,634758
5,2,634758
5,3,634758
5,4,634758
5,5,634758
5,6,634758
5,7,634758
5,8,634758
5,9,634754
5,10,634754
5,11,634754
6,1,634758
6,2,634758
6,3,634758
6,4,634758
6,5,634758
6,6,634758
6,7,634502
6,8,634502
6,9,110214
6,10,110214
6,11,110214
7,1,634758
7,2,651142
7,3,651142
7,4,651142
7,5,651142
7,6,651142
7,7,650118
7,8,650118
7,9,650118
7,10,651142
7,11,651142
8,1,634758
8,2,634758
8,3,634758
8,4,634758
8,5,634758
8,6,634758
8,7,634758
8,8,634758
8,9,634758
8,10,634758
8,11,634758
9,1,634758
9,2,634758
9,3,634758
9,4,634758
9,5,634758
9,6,634758
9,7,634754
9,8,634754
9,9,634498
9,10,634498
9,11,634498
10,1,634758
10,2,634758
10,3,896902
10,4,896902
10,5,896902
10,6,634758
10,7,634758
10,8,634758
10,9,110470
10,10,110470
10,11,110470
1,1,636806
1,2,636806
1,3,112518
1,4,112518
1,5,108422
1,6,108422
1,7,108422
1,8,108422
1,9,100230
1,10,100230
1,11,100230
2,1,636806
2,2,638854
2,3,638854
2,4,638854
2,5,638854
2,6,638854
2,7,638854
2,8,638854
2,9,638854
2,10,655238
2,11,655238
3,1,636806
3,2,636806
3,3,636806
3,4,636806
3,5,636806
3,6,636804
3,7,638852
3,8,638852
3,9,638852
3,10,634756
3,11,634756
4,1,636806
4,2,638854
4,3,638854
4,4,638854
4,5,638854
4,6,638598
4,7,638598
4,8,638598
4,9,638598
4,10,638598
4,11,638598
5,1,636806
5,2,636806
5,3,636802
5,4,636802
5,5,636802
5,6,636802
5,7,636802
5,8,636802
5,9,636802
5,10,636802
5,11,636802
6,1,636806
6,2,636550
6,3,632454
6,4,632454
6,5,632710
6,6,632710
6,7,631686
6,8,631684
6,9,631684
6,10,631684
6,11,631684
7,1,636806
7,2,636806
7,3,636806
7,4,636806
7,5,636806
7,6,636806
7,7,636806
7,8,632710
7,9,632710
7,10,763782
7,11,763782
8,1,636806
8,2,636804
8,3,636804
8,4,636804
8,5,636804
8,6,636804
8,7,636804
8,8,636804
8,9,636804
8,10,636804
8,11,636804
9,1,636806
9,2,636806
9,3,636806
9,4,636806
9,5,636806
9,6,636806
9,7,636806
9,8,636806
9,9,636806
9,10,635782
9,11,635782
10,1,636806
10,2,636806
10,3,632710
10,4,632710
10,5,632706
10,6,632706
10,7,632706
10,8,632706
10,9,632706
10,10,649090
10,11,649090
1,1,638470
1,2,638470
1,3,638470
1,4,638470
1,5,638470
1,6,638470
1,7,638470
1,8,638470
1,9,638470
1,10,769542
1,11,769542
2,1,638470
2,2,638470
2,3,638470
2,4,638466
2,5,638466
2,6,638466
2,7,654850
2,8,654850
2,9,654850
2,10,654850
2,11,654850
3,1,638470
3,2,638470
3,3,638470
3,4,638470
3,5,769542
3,6,769538
3,7,765442
3,8,765442
3,9,765442
3,10,765442
3,11,765442
4,1,638470
4,2,638470
4,3,638470
4,4,638470
4,5,638470
4,6,638470
4,7,638470
4,8,638470
4,9,638470
4,10,638470
4,11,638598
5,1,638470
5,2,638470
5,3,638470
5,4,634374
5,5,634374
5,6,110086
5,7,110086
5,8,110086
5,9,110086
5,10,110086
5,11,110214
6,1,638470
6,2,638470
6,3,638470
6,4,638470
6,5,638470
6,6,638470
6,7,638470
6,8,638470
6,9,638470
6,10,638470
6,11,638470
7,1,638470
7,2,638470
7,3,638470
7,4,638470
7,5,638470
7,6,638470
7,7,638470
7,8,638470
7,9,638470
7,10,638470
7,11,654854
8,1,638470
8,2,638470
8,3,114182
8,4,114182
8,5,114182
8,6,114182
8,7,114182
8,8,105990
8,9,106022
8,10,106022
8,11,103974
9,1,638470
9,2,638470
9,3,638470
9,4,769542
9,5,769542
9,6,769798
9,7,761606
9,8,761606
9,9,761606
9,10,761606
9,11,630534
10,1,638470
10,2,634374
10,3,634374
10,4,632326
10,5,632326
10,6,894470
10,7,894470
10,8,894470
10,9,894470
10,10,632326
10,11,632326
1,1,638848
1,2,638848
1,3,634752
1,4,634752
1,5,634752
1,6,634752
1,7,626560
1,8,634752
1,9,634752
1,10,634752
1,11,634752
2,1,638848
2,2,638848
2,3,638848
2,4,638848
2,5,655232
2,6,655232
2,7,655232
2,8,638848
2,9,638848
2,10,638848
2,11,638848
3,1,638848
3,2,638848
3,3,655232
3,4,655232
3,5,654976
3,6,654976
3,7,654978
3,8,654978
3,9,652930
3,10,652930
3,11,652930
4,1,638848
4,2,638848
4,3,638848
4,4,638848
4,5,638848
4,6,638848
4,7,638848
4,8,634752
4,9,634752
4,10,634752
4,11,634754
5,1,638848
5,2,638848
5,3,638848
5,4,638848
5,5,638848
5,6,638848
5,7,638848
5,8,638848
5,9,638848
5,10,638848
5,11,638848
6,1,638848
6,2,638848
6,3,638848
6,4,638848
6,5,638850
6,6,638850
6,7,638850
6,8,638850
6,9,638850
6,10,638850
6,11,638850
7,1,638848
7,2,638848
7,3,638848
7,4,638848
7,5,638848
7,6,638848
7,7,638848
7,8,638848
7,9,634752
7,10,634496
7,11,896640
8,1,638848
8,2,638848
8,3,638848
8,4,769920
8,5,638848
8,6,638848
8,7,638848
8,8,114560
8,9,106368
8,10,106368
8,11,106368
9,1,638848
9,2,638848
9,3,638848
9,4,638848
9,5,638848
9,6,638848
9,7,638848
9,8,638848
9,9,638848
9,10,638848
9,11,114560
10,1,638848
10,2,638848
10,3,638848
10,4,638848
10,5,638848
10,6,638848
10,7,634752
10,8,896896
10,9,896896
10,10,896896
10,11,896896
1,1,638850
1,2,638850
1,3,638850
1,4,638850
1,5,638850
1,6,638850
1,7,634754
1,8,634754
1,9,634754
1,10,634754
1,11,601986
2,1,638850
2,2,638594
2,3,638594
2,4,638594
2,5,638594
2,6,638594
2,7,638594
2,8,638594
2,9,638594
2,10,638594
2,11,638594
3,1,638850
3,2,638850
3,3,638850
3,4,638850
3,5,638850
3,6,638850
3,7,638850
3,8,638850
3,9,638850
3,10,638850
3,11,638850
4,1,638850
4,2,638850
4,3,638850
4,4,638850
4,5,769922
4,6,769926
4,7,769926
4,8,769926
4,9,769926
4,10,769926
4,11,769926
5,1,638850
5,2,638848
5,3,638848
5,4,655232
5,5,655232
5,6,655232
5,7,655232
5,8,655232
5,9,654976
5,10,654976
5,11,654976
6,1,638850
6,2,638850
6,3,638850
6,4,638854
6,5,638854
6,6,638854
6,7,638854
6,8,638854
6,9,634758
6,10,634758
6,11,634758
7,1,638850
7,2,638850
7,3,638850
7,4,638850
7,5,638850
7,6,638854
7,7,638854
7,8,638854
7,9,114566
7,10,114566
7,11,114566
8,1,638850
8,2,638854
8,3,638854
8,4,638854
8,5,638854
8,6,638854
8,7,638852
8,8,638852
8,9,638852
8,10,638854
8,11,638854
9,1,638850
9,2,638850
9,3,638850
9,4,638850
9,5,638850
9,6,638850
9,7,638850
9,8,638850
9,9,638848
9,10,638848
9,11,638848
10,1,638850
10,2,638850
10,3,638854
10,4,638854
10,5,638854
10,6,638854
10,7,638854
10,8,638854
10,9,638854
10,10,638854
10,11,634758
1,1,638854
1,2,638854
1,3,638854
1,4,638854
1,5,638854
1,6,638854
1,7,638854
1,8,638854
1,9,638854
1,10,638854
1,11,638854
2,1,638854
2,2,638854
2,3,769926
2,4,769926
2,5,769926
2,6,769926
2,7,769926
2,8,769926
2,9,765830
2,10,765830
2,11,765830
3,1,638854
3,2,634758
3,3,634758
3,4,634758
3,5,634758
3,6,634758
3,7,634758
3,8,634758
3,9,634758
3,10,634758
3,11,634758
4,1,638854
4,2,638854
4,3,769926
4,4,769926
4,5,769926
4,6,769926
4,7,769926
4,8,769926
4,9,769926
4,10,769926
4,11,769926
5,1,638854
5,2,638854
5,3,638854
5,4,638854
5,5,769926
5,6,769926
5,7,769926
5,8,769926
5,9,769926
5,10,769926
5,11,769926
6,1,638854
6,2,638854
6,3,638854
6,4,638854
6,5,638854
6,6,638726
6,7,638726
6,8,638726
6,9,638726
6,10,638726
6,11,638726
7,1,638854
7,2,638854
7,3,638854
7,4,638854
7,5,638854
7,6,634758
7,7,634758
7,8,632710
7,9,632710
7,10,634758
7,11,634758
8,1,638854
8,2,638854
8,3,638854
8,4,638854
8,5,638854
8,6,638854
8,7,638854
8,8,638854
8,9,638854
8,10,114566
8,11,114566
9,1,638854
9,2,638854
9,3,638854
9,4,638854
9,5,634758
9,6,634758
9,7,634758
9,8,634758
9,9,634758
9,10,896902
9,11,896902
10,1,638854
10,2,638854
10,3,655238
10,4,638854
10,5,638854
10,6,630662
10,7,106374
10,8,114566
10,9,114566
10,10,114566
10,11,114566
1,1,638886
1,2,638886
1,3,638854
1,4,638854
1,5,638854
1,6,638854
1,7,638854
1,8,638854
1,9,769926
1,10,769926
1,11,769926
2,1,638886
2,2,638886
2,3,638882
2,4,638882
2,5,638882
2,6,638882
2,7,638882
2,8,638882
2,9,638882
2,10,638882
2,11,638850
3,1,638886
3,2,638886
3,3,638854
3,4,638854
3,5,638854
3,6,638854
3,7,638854
3,8,634758
3,9,634758
3,10,634758
3,11,634758
4,1,638886
4,2,638886
4,3,638886
4,4,638886
4,5,638886
4,6,638886
4,7,638886
4,8,638886
4,9,638886
4,10,638886
4,11,638886
5,1,638886
5,2,638886
5,3,638887
5,4,638887
5,5,638887
5,6,638887
5,7,638887
5,8,638855
5,9,638854
5,10,634758
5,11,765830
6,1,638886
6,2,638886
6,3,638854
6,4,638854
6,5,636806
6,6,636806
6,7,636806
6,8,636806
6,9,636806
6,10,636806
6,11,636806
7,1,638886
7,2,638886
7,3,638886
7,4,638886
7,5,638886
7,6,638886
7,7,638886
7,8,638886
7,9,638886
7,10,638886
7,11,638886
8,1,638886
8,2,638886
8,3,638886
8,4,638950
8,5,638950
8,6,638966
8,7,638966
8,8,638966
8,9,638966
8,10,638902
8,11,638902
9,1,638886
9,2,638886
9,3,638886
9,4,638886
9,5,638886
9,6,638886
9,7,638886
9,8,638886
9,9,638886
9,10,769958
9,11,769958
10,1,638886
10,2,637862
10,3,637862
10,4,637862
10,5,637862
10,6,637862
10,7,637862
10,8,637862
10,9,637862
10,10,637862
10,11,637862
1,1,648070
1,2,648070
1,3,779142
1,4,779142
1,5,254854
1,6,256902
1,7,256902
1,8,256902
1,9,256902
1,10,256902
1,11,256902
2,1,648070
2,2,910214
2,3,910215
2,4,910215
2,5,910215
2,6,910215
2,7,385927
2,8,385927
2,9,385927
2,10,385927
2,11,385927
3,1,648070
3,2,648070
3,3,648070
3,4,648070
3,5,648070
3,6,910214
3,7,910214
3,8,910214
3,9,910214
3,10,910214
3,11,910214
4,1,648070
4,2,648070
4,3,648070
4,4,648070
4,5,648070
4,6,648070
4,7,648070
4,8,648070
4,9,648070
4,10,648070
4,11,648070
5,1,648070
5,2,648070
5,3,648070
5,4,648070
5,5,648070
5,6,648070
5,7,648070
5,8,648070
5,9,648070
5,10,631686
5,11,631686
6,1,648070
6,2,910214
6,3,1041286
6,4,1041286
6,5,1042310
6,6,1042310
6,7,1042310
6,8,1042310
6,9,1042310
6,10,976774
6,11,976774
7,1,648070
7,2,648070
7,3,123782
7,4,123782
7,5,123782
7,6,123782
7,7,123782
7,8,123782
7,9,123782
7,10,123782
7,11,123782
8,1,648070
8,2,648070
8,3,648070
8,4,647814
8,5,647814
8,6,647814
8,7,648838
8,8,648838
8,9,648838
8,10,648838
8,11,648838
9,1,648070
9,2,648070
9,3,648070
9,4,648070
9,5,648070
9,6,648070
9,7,123782
9,8,125830
9,9,125830
9,10,125830
9,11,125702
10,1,648070
10,2,648070
10,3,648070
10,4,648070
10,5,648066
10,6,779138
10,7,779138
10,8,780162
10,9,780162
10,10,780162
10,11,780162
1,1,648838
1,2,648838
1,3,648838
1,4,648838
1,5,648710
1,6,648710
1,7,648710
1,8,648710
1,9,648710
1,10,648710
1,11,648710
2,1,648838
2,2,648834
2,3,910978
2,4,910978
2,5,910978
2,6,910978
2,7,911234
2,8,894850
2,9,1025922
2,10,1025922
2,11,894850
3,1,648838
3,2,910982
3,3,910982
3,4,913030
3,5,913030
3,6,913030
3,7,913030
3,8,913030
3,9,913030
3,10,913286
3,11,1044358
4,1,648838
4,2,648838
4,3,652934
4,4,652934
4,5,651910
4,6,651910
4,7,651910
4,8,651910
4,9,652166
4,10,653190
4,11,653186
5,1,648838
5,2,648838
5,3,632454
5,4,632454
5,5,632454
5,6,632454
5,7,631430
5,8,631430
5,9,631430
5,10,631430
5,11,631430
6,1,648838
6,2,648838
6,3,650886
6,4,650886
6,5,650886
6,6,650886
6,7,650884
6,8,650884
6,9,650884
6,10,650884
6,11,650884
7,1,648838
7,2,648838
7,3,648838
7,4,910982
7,5,910982
7,6,910982
7,7,909958
7,8,909958
7,9,909958
7,10,893574
7,11,893574
8,1,648838
8,2,648838
8,3,648838
8,4,648838
8,5,632454
8,6,632450
8,7,634498
8,8,634498
8,9,634498
8,10,634498
8,11,634498
9,1,648838
9,2,648838
9,3,648838
9,4,647814
9,5,647814
9,6,647815
9,7,647815
9,8,647815
9,9,647813
9,10,647813
9,11,778885
10,1,648838
10,2,650886
10,3,650886
10,4,650886
10,5,650886
10,6,650886
10,7,913030
10,8,913030
10,9,913030
10,10,1044102
10,11,1044102
1,1,650752
1,2,650752
1,3,650752
1,4,650752
1,5,650752
1,6,650752
1,7,650752
1,8,650752
1,9,634368
1,10,634368
1,11,634496
2,1,650752
2,2,650752
2,3,650752
2,4,650752
2,5,650754
2,6,650754
2,7,650754
2,8,650758
2,9,912902
2,10,912902
2,11,912903
3,1,650752
3,2,634368
3,3,634368
3,4,634368
3,5,634368
3,6,634496
3,7,634496
3,8,634496
3,9,634496
3,10,634496
3,11,634496
4,1,650752
4,2,650752
4,3,650752
4,4,650752
4,5,649728
4,6,649728
4,7,649728
4,8,653824
4,9,653824
4,10,653824
4,11,653824
5,1,650752
5,2,650754
5,3,650754
5,4,650754
5,5,650754
5,6,650754
5,7,650754
5,8,650754
5,9,650754
5,10,650754
5,11,634370
6,1,650752
6,2,650752
6,3,650752
6,4,650752
6,5,650752
6,6,650752
6,7,650752
6,8,650752
6,9,642560
6,10,642560
6,11,642560
7,1,650752
7,2,650752
7,3,650752
7,4,650752
7,5,650752
7,6,650752
7,7,650754
7,8,650754
7,9,650754
7,10,650754
7,11,650754
8,1,650752
8,2,650752
8,3,650752
8,4,650752
8,5,650754
8,6,650754
8,7,650754
8,8,650754
8,9,650754
8,10,650754
8,11,650754
9,1,650752
9,2,585216
9,3,60928
9,4,585216
9,5,585216
9,6,585216
9,7,585216
9,8,568832
9,9,568832
9,10,566784
9,11,566784
10,1,650752
10,2,650752
10,3,650752
10,4,650752
10,5,650752
10,6,650752
10,7,650752
10,8,650752
10,9,650752
10,10,650752
10,11,650756
1,1,650754
1,2,650754
1,3,650754
1,4,634370
1,5,634370
1,6,634370
1,7,634370
1,8,634370
1,9,634370
1,10,634370
1,11,634370
2,1,650754
2,2,650754
2,3,650754
2,4,650754
2,5,650754
2,6,650754
2,7,650754
2,8,650754
2,9,650754
2,10,650754
2,11,650754
3,1,650754
3,2,650754
3,3,650754
3,4,650754
3,5,650754
3,6,650754
3,7,650754
3,8,650754
3,9,650754
3,10,650754
3,11,126466
4,1,650754
4,2,634370
4,3,634370
4,4,634370
4,5,634370
4,6,634370
4,7,634370
4,8,634370
4,9,634370
4,10,634370
4,11,634370
5,1,650754
5,2,650754
5,3,634370
5,4,634498
5,5,634498
5,6,634498
5,7,634754
5,8,634754
5,9,634754
5,10,634754
5,11,634754
6,1,650754
6,2,650754
6,3,650754
6,4,650754
6,5,650754
6,6,650754
6,7,650754
6,8,648706
6,9,779778
6,10,779778
6,11,779778
7,1,650754
7,2,650754
7,3,650754
7,4,650754
7,5,650758
7,6,650758
7,7,650754
7,8,650754
7,9,650754
7,10,648706
7,11,648706
8,1,650754
8,2,650754
8,3,650755
8,4,634371
8,5,634371
8,6,634371
8,7,634371
8,8,634371
8,9,634371
8,10,634371
8,11,634371
9,1,650754
9,2,650754
9,3,650754
9,4,650754
9,5,650754
9,6,650754
9,7,650754
9,8,650754
9,9,650754
9,10,650754
9,11,650754
10,1,650754
10,2,650754
10,3,650754
10,4,650754
10,5,650754
10,6,650752
10,7,650752
10,8,650752
10,9,650752
10,10,650752
10,11,650752
1,1,650759
1,2,650759
1,3,650759
1,4,650759
1,5,650759
1,6,650759
1,7,650759
1,8,912903
1,9,912903
1,10,911879
1,11,911879
2,1,650759
2,2,650759
2,3,650759
2,4,650759
2,5,650759
2,6,650759
2,7,650759
2,8,650759
2,9,650759
2,10,650759
2,11,650887
3,1,650759
3,2,650759
3,3,650759
3,4,650759
3,5,650759
3,6,650758
3,7,650758
3,8,650758
3,9,650758
3,10,650758
3,11,650758
4,1,650759
4,2,650759
4,3,650759
4,4,650759
4,5,650759
4,6,650759
4,7,650759
4,8,650759
4,9,650759
4,10,650759
4,11,634375
5,1,650759
5,2,650759
5,3,650755
5,4,650755
5,5,650755
5,6,650755
5,7,650755
5,8,650755
5,9,634371
5,10,634371
5,11,634371
6,1,650759
6,2,650887
6,3,650886
6,4,650887
6,5,650887
6,6,650887
6,7,650887
6,8,650887
6,9,650887
6,10,650887
6,11,650887
7,1,650759
7,2,650759
7,3,650759
7,4,781831
7,5,781831
7,6,716295
7,7,716295
7,8,716295
7,9,716423
7,10,716423
7,11,978567
8,1,650759
8,2,650759
8,3,650759
8,4,634375
8,5,634375
8,6,634503
8,7,634503
8,8,634502
8,9,634502
8,10,634758
8,11,634758
9,1,650759
9,2,650759
9,3,650759
9,4,650759
9,5,650759
9,6,650759
9,7,654855
9,8,654855
9,9,654855
9,10,654855
9,11,654855
10,1,650759
10,2,650759
10,3,650759
10,4,650759
10,5,650759
10,6,650759
10,7,650759
10,8,650759
10,9,650759
10,10,650759
10,11,650759
1,1,651142
1,2,651142
1,3,651142
1,4,651142
1,5,651142
1,6,651142
1,7,651142
1,8,651142
1,9,651142
1,10,651142
1,11,651142
2,1,651142
2,2,782214
2,3,1044358
2,4,1044358
2,5,1044358
2,6,1044358
2,7,1044358
2,8,1044358
2,9,1044358
2,10,1044358
2,11,1044358
3,1,651142
3,2,651142
3,3,651142
3,4,651142
3,5,651142
3,6,651142
3,7,651142
3,8,651142
3,9,651142
3,10,651142
3,11,651142
4,1,651142
4,2,651142
4,3,651142
4,4,651142
4,5,655238
4,6,786310
4,7,786310
4,8,786310
4,9,786310
4,10,786310
4,11,786310
5,1,651142
5,2,651142
5,3,651143
5,4,651143
5,5,649095
5,6,649095
5,7,649094
5,8,649094
5,9,640902
5,10,640898
5,11,624514
6,1,651142
6,2,634758
6,3,634758
6,4,634758
6,5,634754
6,6,634754
6,7,634754
6,8,634754
6,9,634754
6,10,634754
6,11,634754
7,1,651142
7,2,651143
7,3,651143
7,4,651143
7,5,650119
7,6,650119
7,7,650119
7,8,650119
7,9,650119
7,10,650119
7,11,650135
8,1,651142
8,2,651142
8,3,651142
8,4,651138
8,5,651138
8,6,634754
8,7,634754
8,8,634754
8,9,634754
8,10,634754
8,11,634758
9,1,651142
9,2,651142
9,3,651142
9,4,634758
9,5,634758
9,6,110470
9,7,110470
9,8,110466
9,9,110466
9,10,110466
9,11,110466
10,1,651142
10,2,651142
10,3,651142
10,4,651142
10,5,642950
10,6,642950
10,7,642950
10,8,642950
10,9,642950
10,10,642950
10,11,642950
1,1,651170
1,2,650914
1,3,650914
1,4,634530
1,5,634534
1,6,634534
1,7,634534
1,8,634790
1,9,638886
1,10,638886
1,11,638886
2,1,651170
2,2,651170
2,3,651170
2,4,651170
2,5,651170
2,6,651170
2,7,651170
2,8,913314
2,9,913282
2,10,913282
2,11,1044354
3,1,651170
3,2,651170
3,3,651170
3,4,651170
3,5,651170
3,6,651170
3,7,651170
3,8,651170
3,9,651170
3,10,651138
3,11,651138
4,1,651170
4,2,651170
4,3,651170
4,4,651170
4,5,651170
4,6,651170
4,7,655266
4,8,655266
4,9,655270
4,10,655270
4,11,655270
5,1,651170
5,2,651170
5,3,651170
5,4,655266
5,5,655264
5,6,654240
5,7,654240
5,8,654208
5,9,654208
5,10,654208
5,11,650112
6,1,651170
6,2,651170
6,3,651170
6,4,651170
6,5,651170
6,6,651170
6,7,651170
6,8,651170
6,9,651170
6,10,651170
6,11,651042
7,1,651170
7,2,651170
7,3,634786
7,4,634786
7,5,634786
7,6,634786
7,7,634786
7,8,634786
7,9,634786
7,10,634786
7,11,634754
8,1,651170
8,2,913314
8,3,913314
8,4,913282
8,5,913282
8,6,913286
8,7,913286
8,8,913286
8,9,913286
8,10,913286
8,11,913286
9,1,651170
9,2,651170
9,3,651170
9,4,651170
9,5,655266
9,6,655266
9,7,655266
9,8,655266
9,9,655266
9,10,655266
9,11,655266
10,1,651170
10,2,634786
10,3,634786
10,4,634786
10,5,634786
10,6,634786
10,7,634786
10,8,634786
10,9,634786
10,10,638882
10,11,638882
1,1,652162
1,2,652162
1,3,652162
1,4,652162
1,5,653186
1,6,653186
1,7,653186
1,8,653186
1,9,653186
1,10,653186
1,11,653190
2,1,652162
2,2,652162
2,3,652162
2,4,652162
2,5,652162
2,6,648066
2,7,648066
2,8,648066
2,9,648066
2,10,648064
2,11,648064
3,1,652162
3,2,652162
3,3,652162
3,4,652162
3,5,652162
3,6,652162
3,7,643970
3,8,906114
3,9,914306
3,10,914306
3,11,914306
4,1,652162
4,2,652162
4,3,652162
4,4,652162
4,5,652162
4,6,127874
4,7,390018
4,8,390018
4,9,390018
4,10,390018
4,11,390018
5,1,652162
5,2,652162
5,3,652162
5,4,652160
5,5,652160
5,6,635776
5,7,635776
5,8,635792
5,9,636816
5,10,636816
5,11,636816
6,1,652162
6,2,652162
6,3,652162
6,4,652162
6,5,783234
6,6,783234
6,7,783234
6,8,783234
6,9,783234
6,10,779138
6,11,648066
7,1,652162
7,2,652162
7,3,652162
7,4,652162
7,5,652162
7,6,652162
7,7,652162
7,8,783234
7,9,783234
7,10,783234
7,11,783234
8,1,652162
8,2,653186
8,3,653186
8,4,653186
8,5,653190
8,6,653190
8,7,128902
8,8,128902
8,9,128902
8,10,128902
8,11,128902
9,1,652162
9,2,652162
9,3,652162
9,4,652162
9,5,652166
9,6,652166
9,7,652166
9,8,652166
9,9,652166
9,10,652166
9,11,127878
10,1,652162
10,2,653186
10,3,653186
10,4,653186
10,5,653186
10,6,653186
10,7,653186
10,8,636802
10,9,636802
10,10,636802
10,11,636802
1,1,654262
1,2,654262
1,3,654262
1,4,654262
1,5,654270
1,6,654270
1,7,654270
1,8,654270
1,9,654270
1,10,654270
1,11,654270
2,1,654262
2,2,654262
2,3,654262
2,4,654262
2,5,654262
2,6,654262
2,7,654262
2,8,654262
2,9,654262
2,10,654262
2,11,654262
3,1,654262
3,2,654262
3,3,654262
3,4,785334
3,5,785334
3,6,785334
3,7,785334
3,8,785334
3,9,785334
3,10,785334
3,11,785334
4,1,654262
4,2,654262
4,3,654262
4,4,654262
4,5,654262
4,6,654262
4,7,654262
4,8,654262
4,9,654262
4,10,655286
4,11,655286
5,1,654262
5,2,655286
5,3,655286
5,4,655286
5,5,655286
5,6,655286
5,7,655286
5,8,655286
5,9,655286
5,10,655286
5,11,655286
6,1,654262
6,2,654262
6,3,654262
6,4,654262
6,5,654262
6,6,654262
6,7,654262
6,8,654263
6,9,654263
6,10,654263
6,11,654262
7,1,654262
7,2,654246
7,3,654246
7,4,785318
7,5,786342
7,6,786342
7,7,786342
7,8,786342
7,9,786342
7,10,786342
7,11,786342
8,1,654262
8,2,654262
8,3,654262
8,4,654262
8,5,654246
8,6,654246
8,7,129958
8,8,129958
8,9,129958
8,10,129958
8,11,654246
9,1,654262
9,2,654006
9,3,654014
9,4,654014
9,5,654014
9,6,654014
9,7,654014
9,8,653998
9,9,653998
9,10,785070
9,11,785070
10,1,654262
10,2,654262
10,3,654262
10,4,654262
10,5,654262
10,6,654262
10,7,654262
10,8,654262
10,9,654246
10,10,654246
10,11,654246
