simulation,timestep,config_id
1,1,654976
1,2,654976
1,3,654976
1,4,654976
1,5,638592
1,6,638592
1,7,638592
1,8,638592
1,9,638848
1,10,638880
1,11,638880
2,1,654976
2,2,654976
2,3,654976
2,4,654976
2,5,654976
2,6,654976
2,7,654976
2,8,654976
2,9,654976
2,10,654976
2,11,654976
3,1,654976
3,2,654976
3,3,654976
3,4,654976
3,5,654976
3,6,654976
3,7,654976
3,8,654976
3,9,654976
3,10,654976
3,11,654976
4,1,654976
4,2,654976
4,3,654976
4,4,654976
4,5,654976
4,6,654976
4,7,654976
4,8,654976
4,9,654976
4,10,654976
4,11,654976
5,1,654976
5,2,650880
5,3,650880
5,4,650880
5,5,650880
5,6,650880
5,7,650880
5,8,650880
5,9,650880
5,10,650880
5,11,650880
6,1,654976
6,2,654976
6,3,654976
6,4,654976
6,5,654976
6,6,654976
6,7,654976
6,8,130688
6,9,130688
6,10,130688
6,11,130688
7,1,654976
7,2,650880
7,3,634496
7,4,634496
7,5,634496
7,6,633472
7,7,633472
7,8,649856
7,9,649856
7,10,125568
7,11,126592
8,1,654976
8,2,654976
8,3,786048
8,4,786048
8,5,654976
8,6,650880
8,7,649856
8,8,649856
8,9,649856
8,10,780928
8,11,780800
9,1,654976
9,2,654976
9,3,654976
9,4,654976
9,5,654976
9,6,654976
9,7,654976
9,8,654976
9,9,654976
9,10,654976
9,11,654976
10,1,654976
10,2,654976
10,3,654976
10,4,654976
10,5,654976
10,6,654976
10,7,655008
10,8,655008
10,9,653984
10,10,653984
10,11,653984
1,1,655238
1,2,655238
1,3,655238
1,4,786310
1,5,786310
1,6,786310
1,7,786310
1,8,786310
1,9,786310
1,10,786310
1,11,786310
2,1,655238
2,2,655236
2,3,651140
2,4,126852
2,5,126848
2,6,126848
2,7,126848
2,8,126848
2,9,126848
2,10,126848
2,11,126848
3,1,655238
3,2,655238
3,3,655238
3,4,655238
3,5,655238
3,6,655238
3,7,655238
3,8,655238
3,9,655238
3,10,655238
3,11,655238
4,1,655238
4,2,655238
4,3,654982
4,4,654982
4,5,654982
4,6,654982
4,7,654982
4,8,654982
4,9,655238
4,10,638854
4,11,638852
5,1,655238
5,2,638854
5,3,638854
5,4,638854
5,5,638854
5,6,638854
5,7,638854
5,8,638854
5,9,638854
5,10,638854
5,11,638854
6,1,655238
6,2,655238
6,3,655238
6,4,655238
6,5,655238
6,6,655238
6,7,655238
6,8,655238
6,9,655238
6,10,655238
6,11,655238
7,1,655238
7,2,655238
7,3,655238
7,4,655238
7,5,655238
7,6,655238
7,7,655238
7,8,655238
7,9,655238
7,10,655238
7,11,651142
8,1,655238
8,2,655238
8,3,655239
8,4,655239
8,5,655239
8,6,655239
8,7,655239
8,8,655239
8,9,655239
8,10,655239
8,11,655239
9,1,655238
9,2,655238
9,3,655238
9,4,651142
9,5,651142
9,6,651142
9,7,126854
9,8,126854
9,9,126854
9,10,126854
9,11,126854
10,1,655238
10,2,655238
10,3,655238
10,4,655238
10,5,651142
10,6,782214
10,7,782214
10,8,782214
10,9,782214
10,10,782214
10,11,782214
1,1,655286
1,2,655286
1,3,638902
1,4,638902
1,5,638902
1,6,638902
1,7,638902
1,8,638902
1,9,638966
1,10,638966
1,11,638966
2,1,655286
2,2,655286
2,3,655286
2,4,655286
2,5,655270
2,6,655238
2,7,655238
2,8,786310
2,9,786311
2,10,786311
2,11,786311
3,1,655286
3,2,655286
3,3,655286
3,4,655286
3,5,655286
3,6,655286
3,7,655286
3,8,655286
3,9,655030
3,10,655030
3,11,655030
4,1,655286
4,2,655286
4,3,655286
4,4,786358
4,5,786358
4,6,786358
4,7,786230
4,8,786230
4,9,786230
4,10,786230
4,11,786230
5,1,655286
5,2,655286
5,3,655286
5,4,655286
5,5,638902
5,6,638902
5,7,638902
5,8,638966
5,9,114678
5,10,114678
5,11,638966
6,1,655286
6,2,655286
6,3,655286
6,4,638902
6,5,638902
6,6,638902
6,7,638902
6,8,638902
6,9,638870
6,10,638870
6,11,638870
7,1,655286
7,2,655270
7,3,655270
7,4,655270
7,5,655270
7,6,655270
7,7,655238
7,8,655238
7,9,655238
7,10,655238
7,11,655238
8,1,655286
8,2,638902
8,3,638902
8,4,638902
8,5,638902
8,6,638902
8,7,638902
8,8,638902
8,9,114614
8,10,106422
8,11,106422
9,1,655286
9,2,655286
9,3,655286
9,4,655286
9,5,655286
9,6,655286
9,7,655286
9,8,655286
9,9,655286
9,10,655286
9,11,655286
10,1,655286
10,2,655287
10,3,655287
10,4,655287
10,5,655287
10,6,655255
10,7,655255
10,8,655255
10,9,655255
10,10,655255
10,11,655255
1,1,692102
1,2,692102
1,3,692102
1,4,692102
1,5,692102
1,6,561030
1,7,561062
1,8,561062
1,9,561062
1,10,561062
1,11,561062
2,1,692102
2,2,561030
2,3,558982
2,4,558982
2,5,690054
2,6,755590
2,7,755590
2,8,755590
2,9,755590
2,10,755590
2,11,755590
3,1,692102
3,2,692102
3,3,757638
3,4,757639
3,5,626567
3,6,630663
3,7,761735
3,8,761735
3,9,761735
3,10,237447
3,11,237447
4,1,692102
4,2,692102
4,3,692102
4,4,696198
4,5,692102
4,6,692102
4,7,692102
4,8,692102
4,9,692102
4,10,692102
4,11,692102
5,1,692102
5,2,692102
5,3,692102
5,4,561030
5,5,561030
5,6,561030
5,7,561030
5,8,36742
5,9,36742
5,10,40838
5,11,565126
6,1,692102
6,2,696198
6,3,761734
6,4,761734
6,5,761734
6,6,761734
6,7,761734
6,8,761734
6,9,761734
6,10,761734
6,11,761734
7,1,692102
7,2,692102
7,3,692102
7,4,757638
7,5,757638
7,6,757638
7,7,757382
7,8,757378
7,9,757378
7,10,757378
7,11,757378
8,1,692102
8,2,692102
8,3,757638
8,4,757638
8,5,757638
8,6,757638
8,7,757638
8,8,757638
8,9,757634
8,10,757634
8,11,757634
9,1,692102
9,2,692102
9,3,561030
9,4,561030
9,5,692102
9,6,700294
9,7,700294
9,8,700294
9,9,700295
9,10,700295
9,11,700295
10,1,692102
10,2,692102
10,3,692102
10,4,692102
10,5,692102
10,6,167814
10,7,233350
10,8,233350
10,9,495494
10,10,495494
10,11,495494
1,1,754560
1,2,755584
1,3,755584
1,4,755584
1,5,231296
1,6,231296
1,7,231296
1,8,100224
1,9,100224
1,10,100224
1,11,100224
2,1,754560
2,2,1016704
2,3,1016704
2,4,1016704
2,5,1016704
2,6,1016704
2,7,1016704
2,8,1016704
2,9,1016704
2,10,1016704
2,11,1016704
3,1,754560
3,2,754560
3,3,754560
3,4,754560
3,5,754560
3,6,754560
3,7,754560
3,8,754560
3,9,754560
3,10,754560
3,11,754560
4,1,754560
4,2,755584
4,3,755584
4,4,755586
4,5,1017730
4,6,1017730
4,7,1025922
4,8,1025923
4,9,1042307
4,10,1042307
4,11,1042307
5,1,754560
5,2,754560
5,3,754560
5,4,754560
5,5,1016704
5,6,1016704
5,7,1016704
5,8,1024896
5,9,1024896
5,10,1024896
5,11,1024896
6,1,754560
6,2,754560
6,3,754560
6,4,754560
6,5,754560
6,6,754560
6,7,754560
6,8,754560
6,9,754560
6,10,230272
6,11,230272
7,1,754560
7,2,754560
7,3,754560
7,4,754560
7,5,754560
7,6,756608
7,7,757632
7,8,626560
7,9,626560
7,10,626560
7,11,626560
8,1,754560
8,2,754560
8,3,754560
8,4,754560
8,5,754304
8,6,754304
8,7,754304
8,8,754304
8,9,754304
8,10,754560
8,11,754560
9,1,754560
9,2,755584
9,3,755584
9,4,755584
9,5,755584
9,6,757632
9,7,757632
9,8,757632
9,9,757632
9,10,757632
9,11,765824
10,1,754560
10,2,754560
10,3,754560
10,4,754560
10,5,754560
10,6,754560
10,7,230272
10,8,230272
10,9,230272
10,10,754560
10,11,754560
1,1,757638
1,2,757638
1,3,757638
1,4,757638
1,5,757638
1,6,757638
1,7,757638
1,8,757638
1,9,757638
1,10,757638
1,11,757638
2,1,757638
2,2,757638
2,3,757638
2,4,757638
2,5,757638
2,6,757638
2,7,757634
2,8,757638
2,9,757638
2,10,761734
2,11,761734
3,1,757638
3,2,757638
3,3,233350
3,4,233350
3,5,233350
3,6,233350
3,7,233350
3,8,233350
3,9,233350
3,10,233350
3,11,233350
4,1,757638
4,2,757638
4,3,757638
4,4,757510
4,5,757638
4,6,757638
4,7,1019782
4,8,1019782
4,9,1036166
4,10,1036166
4,11,1036166
5,1,757638
5,2,757638
5,3,757638
5,4,757638
5,5,626566
5,6,626566
5,7,626566
5,8,626566
5,9,888710
5,10,1019782
5,11,1019782
6,1,757638
6,2,757638
6,3,757638
6,4,765830
6,5,765830
6,6,765830
6,7,765830
6,8,765830
6,9,765830
6,10,765830
6,11,1027974
7,1,757638
7,2,757638
7,3,757638
7,4,757638
7,5,757638
7,6,765830
7,7,765830
7,8,765830
7,9,1027974
7,10,1027975
7,11,1019783
8,1,757638
8,2,757638
8,3,757638
8,4,757638
8,5,233350
8,6,233350
8,7,495494
8,8,495494
8,9,495494
8,10,495494
8,11,495494
9,1,757638
9,2,757638
9,3,757638
9,4,757638
9,5,757638
9,6,757638
9,7,757638
9,8,757638
9,9,765830
9,10,765830
9,11,765830
10,1,757638
10,2,1019782
10,3,1019782
10,4,1017734
10,5,1017734
10,6,1017734
10,7,493446
10,8,493446
10,9,493446
10,10,493442
10,11,493442
1,1,759687
1,2,759687
1,3,759687
1,4,759687
1,5,759687
1,6,759687
1,7,759687
1,8,759685
1,9,759687
1,10,759687
1,11,759687
2,1,759687
2,2,759687
2,3,759687
2,4,759687
2,5,759686
2,6,759686
2,7,759686
2,8,759686
2,9,759686
2,10,759686
2,11,759686
3,1,759687
3,2,759687
3,3,759687
3,4,759687
3,5,761735
3,6,769927
3,7,769926
3,8,786310
3,9,786310
3,10,786310
3,11,786310
4,1,759687
4,2,759687
4,3,759687
4,4,759431
4,5,759687
4,6,759687
4,7,628615
4,8,628615
4,9,628615
4,10,624519
4,11,624518
5,1,759687
5,2,759687
5,3,759687
5,4,759687
5,5,759687
5,6,759687
5,7,759686
5,8,759686
5,9,755590
5,10,755590
5,11,755590
6,1,759687
6,2,628615
6,3,624519
6,4,624519
6,5,624519
6,6,624519
6,7,886663
6,8,886663
6,9,886663
6,10,886663
6,11,886663
7,1,759687
7,2,759687
7,3,759687
7,4,1021831
7,5,1021830
7,6,1021830
7,7,1021830
7,8,1021830
7,9,1021830
7,10,1030022
7,11,1030022
8,1,759687
8,2,1021831
8,3,1021831
8,4,1021831
8,5,1021831
8,6,1021831
8,7,1017735
8,8,1017735
8,9,886663
8,10,886663
8,11,886663
9,1,759687
9,2,761735
9,3,761735
9,4,761735
9,5,1023879
9,6,1032071
9,7,1032071
9,8,1032071
9,9,1032067
9,10,1032067
9,11,1032067
10,1,759687
10,2,759686
10,3,628614
10,4,628614
10,5,628614
10,6,628614
10,7,628614
10,8,628614
10,9,628614
10,10,628614
10,11,104326
1,1,761734
1,2,761734
1,3,761734
1,4,630662
1,5,630406
1,6,630406
1,7,630278
1,8,630278
1,9,630278
1,10,630278
1,11,638470
2,1,761734
2,2,761734
2,3,761766
2,4,761734
2,5,761734
2,6,761734
2,7,769926
2,8,769926
2,9,769926
2,10,769926
2,11,769926
3,1,761734
3,2,761734
3,3,761734
3,4,761734
3,5,761734
3,6,761734
3,7,761734
3,8,761734
3,9,761734
3,10,761734
3,11,761734
4,1,761734
4,2,761734
4,3,769926
4,4,769926
4,5,769926
4,6,769926
4,7,769926
4,8,769926
4,9,769926
4,10,638854
4,11,638854
5,1,761734
5,2,761734
5,3,761734
5,4,761734
5,5,761734
5,6,761734
5,7,769926
5,8,1032070
5,9,1032071
5,10,1032071
5,11,1032071
6,1,761734
6,2,761734
6,3,761734
6,4,769926
6,5,769926
6,6,769926
6,7,769926
6,8,769926
6,9,769926
6,10,769926
6,11,769926
7,1,761734
7,2,761734
7,3,761734
7,4,761734
7,5,761734
7,6,761734
7,7,761734
7,8,761734
7,9,1023878
7,10,1019782
7,11,1019782
8,1,761734
8,2,760710
8,3,760710
8,4,758662
8,5,758662
8,6,758662
8,7,758662
8,8,758662
8,9,627590
8,10,627590
8,11,627590
9,1,761734
9,2,761734
9,3,761734
9,4,761734
9,5,761734
9,6,237446
9,7,237446
9,8,499590
9,9,499590
9,10,499591
9,11,499591
10,1,761734
10,2,761734
10,3,761734
10,4,761734
10,5,761734
10,6,761734
10,7,761734
10,8,761734
10,9,761734
10,10,761734
10,11,761734
1,1,763522
1,2,763522
1,3,632450
1,4,632450
1,5,634498
1,6,634754
1,7,634754
1,8,634754
1,9,634498
1,10,634498
1,11,634498
2,1,763522
2,2,763522
2,3,763522
2,4,763522
2,5,763522
2,6,763522
2,7,763522
2,8,763522
2,9,763522
2,10,763778
2,11,763778
3,1,763522
3,2,763522
3,3,763522
3,4,763522
3,5,763778
3,6,763778
3,7,632706
3,8,632706
3,9,632704
3,10,632576
3,11,632576
4,1,763522
4,2,763522
4,3,763394
4,4,763394
4,5,763394
4,6,763394
4,7,763394
4,8,763394
4,9,763394
4,10,763394
4,11,765442
5,1,763522
5,2,765570
5,3,765574
5,4,765574
5,5,765574
5,6,765574
5,7,634502
5,8,634502
5,9,634502
5,10,634502
5,11,634502
6,1,763522
6,2,763394
6,3,763394
6,4,763394
6,5,763394
6,6,763394
6,7,763394
6,8,763394
6,9,1025538
6,10,1025026
6,11,1025026
7,1,763522
7,2,763522
7,3,763522
7,4,765570
7,5,765570
7,6,765570
7,7,765570
7,8,765570
7,9,765570
7,10,763522
7,11,632450
8,1,763522
8,2,763522
8,3,763520
8,4,763520
8,5,763520
8,6,763520
8,7,763520
8,8,763520
8,9,763520
8,10,763520
8,11,763520
9,1,763522
9,2,765570
9,3,765570
9,4,765570
9,5,765570
9,6,765826
9,7,765826
9,8,764802
9,9,764802
9,10,764802
9,11,764802
10,1,763522
10,2,632450
10,3,632450
10,4,632450
10,5,632450
10,6,632450
10,7,632450
10,8,632450
10,9,632450
10,10,632706
10,11,632706
1,1,763778
1,2,1025922
1,3,1025922
1,4,1025922
1,5,1025926
1,6,1025926
1,7,1025926
1,8,1025798
1,9,501510
1,10,501510
1,11,501510
2,1,763778
2,2,767874
2,3,767874
2,4,769922
2,5,769922
2,6,769922
2,7,769922
2,8,769922
2,9,769922
2,10,769922
2,11,769922
3,1,763778
3,2,763778
3,3,763778
3,4,763778
3,5,763778
3,6,763778
3,7,763778
3,8,763778
3,9,763778
3,10,763778
3,11,763778
4,1,763778
4,2,763778
4,3,765826
4,4,765826
4,5,765826
4,6,765826
4,7,765826
4,8,765826
4,9,765826
4,10,765826
4,11,765826
5,1,763778
5,2,1025922
5,3,1025922
5,4,1025922
5,5,1025922
5,6,1025922
5,7,1025922
5,8,1025922
5,9,1025922
5,10,1025922
5,11,763778
6,1,763778
6,2,763778
6,3,763778
6,4,763778
6,5,763778
6,6,763778
6,7,763778
6,8,763778
6,9,763778
6,10,763778
6,11,763778
7,1,763778
7,2,763778
7,3,763778
7,4,763778
7,5,1025922
7,6,1025922
7,7,1025922
7,8,1025926
7,9,1025926
7,10,1025926
7,11,1025926
8,1,763778
8,2,763778
8,3,763778
8,4,763778
8,5,763778
8,6,763778
8,7,763778
8,8,763778
8,9,765826
8,10,765827
8,11,765827
9,1,763778
9,2,763778
9,3,763778
9,4,763778
9,5,765826
9,6,765826
9,7,765826
9,8,765826
9,9,765826
9,10,765826
9,11,765826
10,1,763778
10,2,763778
10,3,763778
10,4,763778
10,5,763778
10,6,763778
10,7,763650
10,8,763650
10,9,763650
10,10,762626
10,11,762630
1,1,765442
1,2,765442
1,3,765442
1,4,765442
1,5,765442
1,6,765442
1,7,765442
1,8,765442
1,9,765442
1,10,765442
1,11,765442
2,1,765442
2,2,765442
2,3,765442
2,4,765442
2,5,765442
2,6,765442
2,7,781826
2,8,781826
2,9,781826
2,10,781826
2,11,781826
3,1,765442
3,2,765442
3,3,765442
3,4,765442
3,5,765442
3,6,765442
3,7,765442
3,8,763394
3,9,763394
3,10,763394
3,11,632322
4,1,765442
4,2,765442
4,3,765442
4,4,765442
4,5,765442
4,6,765442
4,7,757250
4,8,757250
4,9,765442
4,10,765442
4,11,765442
5,1,765442
5,2,765442
5,3,765442
5,4,765442
5,5,765442
5,6,765442
5,7,765442
5,8,765442
5,9,765442
5,10,765442
5,11,765440
6,1,765442
6,2,763394
6,3,1025538
6,4,1025538
6,5,1025538
6,6,1025538
6,7,1025538
6,8,1025538
6,9,1025538
6,10,1025536
6,11,1025536
7,1,765442
7,2,769538
7,3,769538
7,4,769538
7,5,769794
7,6,769794
7,7,769794
7,8,769794
7,9,769794
7,10,769794
7,11,769922
8,1,765442
8,2,765442
8,3,765442
8,4,765443
8,5,765443
8,6,765443
8,7,765443
8,8,765443
8,9,765443
8,10,765443
8,11,765699
9,1,765442
9,2,765570
9,3,765570
9,4,765570
9,5,765570
9,6,765442
9,7,765443
9,8,765443
9,9,765443
9,10,765443
9,11,765443
10,1,765442
10,2,765442
10,3,765442
10,4,765443
10,5,765443
10,6,765443
10,7,765447
10,8,765443
10,9,765443
10,10,765571
10,11,765571
1,1,765575
1,2,765575
1,3,765575
1,4,765575
1,5,765575
1,6,765575
1,7,765831
1,8,765831
1,9,765831
1,10,765831
1,11,765831
2,1,765575
2,2,765575
2,3,765575
2,4,765575
2,5,765575
2,6,765571
2,7,765575
2,8,765575
2,9,765575
2,10,765575
2,11,765447
3,1,765575
3,2,765575
3,3,765575
3,4,765571
3,5,765571
3,6,765571
3,7,765571
3,8,765571
3,9,765443
3,10,765447
3,11,765447
4,1,765575
4,2,765575
4,3,765575
4,4,765575
4,5,765575
4,6,765575
4,7,765575
4,8,765575
4,9,765571
4,10,763523
4,11,763523
5,1,765575
5,2,765575
5,3,765575
5,4,765575
5,5,765575
5,6,765575
5,7,765575
5,8,765575
5,9,765575
5,10,765575
5,11,765575
6,1,765575
6,2,765575
6,3,765575
6,4,765831
6,5,765831
6,6,765831
6,7,765831
6,8,765831
6,9,769927
6,10,769927
6,11,769927
7,1,765575
7,2,781959
7,3,781959
7,4,650887
7,5,634503
7,6,634499
7,7,634755
7,8,634755
7,9,634755
7,10,634755
7,11,634755
8,1,765575
8,2,765575
8,3,765575
8,4,1027719
8,5,1027719
8,6,1027718
8,7,1027718
8,8,1027718
8,9,896646
8,10,896646
8,11,896646
9,1,765575
9,2,765575
9,3,765575
9,4,765575
9,5,765831
9,6,765831
9,7,765831
9,8,765831
9,9,765831
9,10,765831
9,11,634759
10,1,765575
10,2,765575
10,3,765575
10,4,765575
10,5,765575
10,6,765575
10,7,634503
10,8,634503
10,9,634501
10,10,634501
10,11,634501
1,1,765830
1,2,765830
1,3,765830
1,4,765830
1,5,765830
1,6,765830
1,7,765830
1,8,765830
1,9,765830
1,10,765830
1,11,765830
2,1,765830
2,2,765830
2,3,765830
2,4,241542
2,5,241542
2,6,241538
2,7,241538
2,8,241542
2,9,110470
2,10,110470
2,11,110470
3,1,765830
3,2,765830
3,3,1027974
3,4,1027974
3,5,1027974
3,6,1027974
3,7,1027974
3,8,1027974
3,9,1027974
3,10,1027974
3,11,1027974
4,1,765830
4,2,765830
4,3,765830
4,4,765830
4,5,765830
4,6,765830
4,7,765830
4,8,765830
4,9,765830
4,10,769926
4,11,769926
5,1,765830
5,2,765830
5,3,765830
5,4,765830
5,5,765830
5,6,765830
5,7,765830
5,8,765830
5,9,765830
5,10,765830
5,11,1027974
6,1,765830
6,2,765830
6,3,765830
6,4,765830
6,5,765830
6,6,765830
6,7,634758
6,8,634758
6,9,634758
6,10,634758
6,11,634790
7,1,765830
7,2,765830
7,3,765830
7,4,765830
7,5,765830
7,6,765830
7,7,765830
7,8,765830
7,9,765830
7,10,765830
7,11,765830
8,1,765830
8,2,782214
8,3,782214
8,4,782214
8,5,782214
8,6,782214
8,7,782214
8,8,782214
8,9,782214
8,10,782214
8,11,782214
9,1,765830
9,2,765830
9,3,765830
9,4,765830
9,5,765830
9,6,765830
9,7,765830
9,8,765830
9,9,769926
9,10,769926
9,11,769926
10,1,765830
10,2,765830
10,3,765830
10,4,765830
10,5,765831
10,6,765831
10,7,765831
10,8,765831
10,9,765831
10,10,765831
10,11,765831
1,1,765831
1,2,765831
1,3,765831
1,4,765831
1,5,765831
1,6,765831
1,7,782215
1,8,782215
1,9,782215
1,10,782215
1,11,782215
2,1,765831
2,2,765831
2,3,765831
2,4,765831
2,5,782215
2,6,782215
2,7,782215
2,8,782215
2,9,782215
2,10,1044359
2,11,1044359
3,1,765831
3,2,765831
3,3,765831
3,4,765831
3,5,765831
3,6,765831
3,7,765831
3,8,765831
3,9,765831
3,10,765831
3,11,1027975
4,1,765831
4,2,765831
4,3,1027975
4,4,1027975
4,5,1027975
4,6,1027975
4,7,1027975
4,8,1027973
4,9,1027973
4,10,1027973
4,11,1027973
5,1,765831
5,2,769927
5,3,769927
5,4,769927
5,5,638855
5,6,638855
5,7,638855
5,8,638855
5,9,638855
5,10,638855
5,11,638855
6,1,765831
6,2,765831
6,3,1027975
6,4,1027975
6,5,1027975
6,6,1027975
6,7,1027975
6,8,1027975
6,9,1027975
6,10,1027975
6,11,1027975
7,1,765831
7,2,769927
7,3,769927
7,4,769927
7,5,769927
7,6,769927
7,7,769927
7,8,769927
7,9,769927
7,10,769927
7,11,1032071
8,1,765831
8,2,765831
8,3,1027975
8,4,1027975
8,5,1027975
8,6,1027974
8,7,1027974
8,8,1027974
8,9,1027974
8,10,1027970
8,11,1027970
9,1,765831
9,2,765831
9,3,1027975
9,4,1027975
9,5,1027975
9,6,1027975
9,7,1027975
9,8,1027975
9,9,1027975
9,10,1027975
9,11,1027975
10,1,765831
10,2,765831
10,3,765830
10,4,765830
10,5,1027974
10,6,1027974
10,7,1027974
10,8,1027974
10,9,1027974
10,10,1027974
10,11,1027974
1,1,769922
1,2,769922
1,3,769922
1,4,769922
1,5,769922
1,6,769922
1,7,769922
1,8,769922
1,9,769922
1,10,769954
1,11,769954
2,1,769922
2,2,769922
2,3,769954
2,4,769954
2,5,769954
2,6,769954
2,7,769955
2,8,769955
2,9,769955
2,10,769955
2,11,769955
3,1,769922
3,2,769922
3,3,769922
3,4,769922
3,5,769922
3,6,769922
3,7,769922
3,8,769922
3,9,769922
3,10,769922
3,11,769922
4,1,769922
4,2,769922
4,3,765826
4,4,765826
4,5,765826
4,6,763778
4,7,763778
4,8,763778
4,9,763778
4,10,763778
4,11,763778
5,1,769922
5,2,769954
5,3,769954
5,4,769954
5,5,769954
5,6,769954
5,7,769954
5,8,769954
5,9,769954
5,10,769954
5,11,769954
6,1,769922
6,2,769922
6,3,769922
6,4,769922
6,5,769922
6,6,769922
6,7,769922
6,8,769922
6,9,769922
6,10,769922
6,11,638850
7,1,769922
7,2,769922
7,3,769922
7,4,769954
7,5,769954
7,6,769954
7,7,769954
7,8,769954
7,9,769954
7,10,769954
7,11,769954
8,1,769922
8,2,1032066
8,3,1032066
8,4,1030018
8,5,1030018
8,6,1030018
8,7,1021826
8,8,1021826
8,9,1030018
8,10,1030018
8,11,1030018
9,1,769922
9,2,769922
9,3,769922
9,4,769922
9,5,769922
9,6,769922
9,7,769922
9,8,769954
9,9,769954
9,10,769954
9,11,769954
10,1,769922
10,2,769922
10,3,769930
10,4,769930
10,5,769930
10,6,769930
10,7,769930
10,8,769930
10,9,769930
10,10,769934
10,11,638862
1,1,769926
1,2,769926
1,3,769926
1,4,769926
1,5,769926
1,6,769926
1,7,769926
1,8,769922
1,9,769922
1,10,769922
1,11,767874
2,1,769926
2,2,769926
2,3,1032070
2,4,1032070
2,5,1027974
2,6,1027974
2,7,1025926
2,8,1025926
2,9,1025926
2,10,1025926
2,11,1025926
3,1,769926
3,2,638854
3,3,638854
3,4,638854
3,5,638854
3,6,638854
3,7,638854
3,8,638854
3,9,638854
3,10,769926
3,11,769926
4,1,769926
4,2,769926
4,3,769926
4,4,769926
4,5,769926
4,6,769958
4,7,769958
4,8,786342
4,9,786358
4,10,786358
4,11,786358
5,1,769926
5,2,786310
5,3,786310
5,4,786310
5,5,786310
5,6,786310
5,7,786310
5,8,786310
5,9,786310
5,10,786310
5,11,786310
6,1,769926
6,2,761734
6,3,761734
6,4,761734
6,5,761734
6,6,761734
6,7,761734
6,8,761730
6,9,761730
6,10,761734
6,11,761734
7,1,769926
7,2,769926
7,3,769926
7,4,769926
7,5,769926
7,6,769926
7,7,1032070
7,8,1032070
7,9,900998
7,10,900998
7,11,900998
8,1,769926
8,2,769926
8,3,769922
8,4,769922
8,5,769922
8,6,769922
8,7,769922
8,8,769922
8,9,769923
8,10,769923
8,11,769922
9,1,769926
9,2,769926
9,3,769926
9,4,769926
9,5,769926
9,6,638854
9,7,638854
9,8,114566
9,9,114566
9,10,114566
9,11,114566
10,1,769926
10,2,769926
10,3,769926
10,4,769926
10,5,769926
10,6,769926
10,7,769926
10,8,769926
10,9,1032070
10,10,1032070
10,11,1032070
1,1,769927
1,2,769927
1,3,769927
1,4,769927
1,5,769927
1,6,769943
1,7,769943
1,8,769943
1,9,769927
1,10,769927
1,11,769927
2,1,769927
2,2,769927
2,3,769927
2,4,769927
2,5,1032071
2,6,1032070
2,7,900998
2,8,900998
2,9,900998
2,10,1032070
2,11,1032070
3,1,769927
3,2,769927
3,3,769927
3,4,769927
3,5,769926
3,6,769926
3,7,769926
3,8,769926
3,9,769926
3,10,769926
3,11,769926
4,1,769927
4,2,769927
4,3,765831
4,4,765831
4,5,765830
4,6,765826
4,7,765826
4,8,634754
4,9,634754
4,10,634754
4,11,634754
5,1,769927
5,2,769927
5,3,769927
5,4,769927
5,5,769927
5,6,769927
5,7,769927
5,8,769927
5,9,769927
5,10,786311
5,11,786311
6,1,769927
6,2,769927
6,3,765831
6,4,763783
6,5,763783
6,6,632711
6,7,634759
6,8,634759
6,9,651143
6,10,651142
6,11,651142
7,1,769927
7,2,769926
7,3,769926
7,4,769926
7,5,769798
7,6,769798
7,7,1031942
7,8,1031942
7,9,1031942
7,10,1031942
7,11,1031942
8,1,769927
8,2,769927
8,3,769799
8,4,769799
8,5,638727
8,6,638727
8,7,638727
8,8,638727
8,9,638727
8,10,638727
8,11,655111
9,1,769927
9,2,1032071
9,3,1032071
9,4,1032071
9,5,1032071
9,6,1032070
9,7,1032070
9,8,1027974
9,9,1027974
9,10,1027974
9,11,1044358
10,1,769927
10,2,769927
10,3,769927
10,4,769927
10,5,769927
10,6,769927
10,7,769927
10,8,769927
10,9,769927
10,10,769943
10,11,769943
1,1,769943
1,2,769939
1,3,769939
1,4,769939
1,5,769939
1,6,769939
1,7,769939
1,8,769939
1,9,769939
1,10,769939
1,11,769939
2,1,769943
2,2,769943
2,3,769975
2,4,769975
2,5,769975
2,6,786359
2,7,786359
2,8,786359
2,9,786359
2,10,786103
2,11,786103
3,1,769943
3,2,769943
3,3,769943
3,4,765847
3,5,765847
3,6,765847
3,7,1027991
3,8,1027991
3,9,1027991
3,10,1027991
3,11,1032087
4,1,769943
4,2,769943
4,3,769943
4,4,769943
4,5,769943
4,6,769943
4,7,769943
4,8,769943
4,9,769943
4,10,769943
4,11,769943
5,1,769943
5,2,769943
5,3,769975
5,4,769975
5,5,769975
5,6,769975
5,7,769975
5,8,769975
5,9,769975
5,10,769975
5,11,769975
6,1,769943
6,2,769927
6,3,769926
6,4,769926
6,5,638854
6,6,638854
6,7,638854
6,8,638854
6,9,638854
6,10,638854
6,11,769926
7,1,769943
7,2,769943
7,3,769943
7,4,769943
7,5,769943
7,6,769927
7,7,769927
7,8,769927
7,9,769927
7,10,769927
7,11,761735
8,1,769943
8,2,769927
8,3,769927
8,4,769927
8,5,769927
8,6,769927
8,7,769927
8,8,769927
8,9,769927
8,10,769927
8,11,769927
9,1,769943
9,2,769943
9,3,769943
9,4,769943
9,5,769943
9,6,769943
9,7,769943
9,8,769943
9,9,769943
9,10,769927
9,11,769927
10,1,769943
10,2,638871
10,3,638871
10,4,638871
10,5,638871
10,6,769943
10,7,769943
10,8,786327
10,9,786327
10,10,786327
10,11,786327
1,1,769958
1,2,769958
1,3,769958
1,4,769958
1,5,769958
1,6,769926
1,7,769926
1,8,769926
1,9,769926
1,10,769926
1,11,769926
2,1,769958
2,2,769958
2,3,769958
2,4,769958
2,5,769958
2,6,769954
2,7,769958
2,8,769958
2,9,769958
2,10,769958
2,11,769958
3,1,769958
3,2,769958
3,3,769958
3,4,769958
3,5,769958
3,6,769958
3,7,769958
3,8,769958
3,9,769958
3,10,769958
3,11,786342
4,1,769958
4,2,769958
4,3,769958
4,4,769958
4,5,769958
4,6,769958
4,7,769958
4,8,769958
4,9,769958
4,10,769958
4,11,769958
5,1,769958
5,2,769958
5,3,769958
5,4,769958
5,5,769958
5,6,769958
5,7,638886
5,8,638886
5,9,638886
5,10,638886
5,11,638886
6,1,769958
6,2,769958
6,3,769958
6,4,769958
6,5,769958
6,6,769958
6,7,769958
6,8,769958
6,9,769958
6,10,769702
6,11,769703
7,1,769958
7,2,786342
7,3,786342
7,4,786342
7,5,786342
7,6,655270
7,7,655270
7,8,655238
7,9,655234
7,10,638850
7,11,638850
8,1,769958
8,2,769958
8,3,769958
8,4,769958
8,5,769958
8,6,786342
8,7,786342
8,8,786342
8,9,786342
8,10,786342
8,11,786342
9,1,769958
9,2,769958
9,3,769958
9,4,769958
9,5,769926
9,6,769926
9,7,769926
9,8,769926
9,9,769926
9,10,769926
9,11,769926
10,1,769958
10,2,769958
10,3,769958
10,4,761766
10,5,761766
10,6,1023910
10,7,1023910
10,8,1023906
10,9,1023906
10,10,1023906
10,11,1023906
1,1,769959
1,2,769959
1,3,769959
1,4,769959
1,5,769959
1,6,769959
1,7,769959
1,8,769959
1,9,769959
1,10,786343
1,11,786343
2,1,769959
2,2,769959
2,3,769959
2,4,769959
2,5,769959
2,6,769959
2,7,769959
2,8,769959
2,9,769958
2,10,769958
2,11,769958
3,1,769959
3,2,769955
3,3,769955
3,4,769955
3,5,769971
3,6,769971
3,7,769971
3,8,769971
3,9,769971
3,10,769971
3,11,769971
4,1,769959
4,2,769959
4,3,769975
4,4,769975
4,5,769975
4,6,769975
4,7,769975
4,8,769983
4,9,769975
4,10,769975
4,11,769975
5,1,769959
5,2,769959
5,3,769959
5,4,769959
5,5,769959
5,6,769959
5,7,769959
5,8,769959
5,9,769959
5,10,769959
5,11,769959
6,1,769959
6,2,769959
6,3,769959
6,4,1032103
6,5,1032103
6,6,1032103
6,7,1032103
6,8,769959
6,9,769959
6,10,769959
6,11,769959
7,1,769959
7,2,769959
7,3,769959
7,4,1032103
7,5,1032103
7,6,1032103
7,7,1032103
7,8,1032103
7,9,1032103
7,10,1032103
7,11,1032103
8,1,769959
8,2,769703
8,3,769703
8,4,769702
8,5,769702
8,6,769702
8,7,769702
8,8,769702
8,9,769702
8,10,769702
8,11,769702
9,1,769959
9,2,769959
9,3,769959
9,4,769959
9,5,769959
9,6,638887
9,7,638887
9,8,638887
9,9,638887
9,10,638887
9,11,638887
10,1,769959
10,2,769959
10,3,638887
10,4,638887
10,5,638883
10,6,638883
10,7,638883
10,8,638883
10,9,638627
10,10,638627
10,11,638627
