simulation,timestep,config_id
1,1,769975
1,2,769975
1,3,769975
1,4,786359
1,5,786359
1,6,786359
1,7,786359
1,8,786359
1,9,786359
1,10,786327
1,11,786327
2,1,769975
2,2,769975
2,3,769975
2,4,769975
2,5,769975
2,6,769983
2,7,769983
2,8,769982
2,9,769982
2,10,769982
2,11,769982
3,1,769975
3,2,765879
3,3,765879
3,4,765879
3,5,765847
3,6,765847
3,7,765843
3,8,765843
3,9,765843
3,10,765875
3,11,765879
4,1,769975
4,2,769959
4,3,769959
4,4,769959
4,5,769959
4,6,769959
4,7,769959
4,8,769959
4,9,769959
4,10,769959
4,11,769959
5,1,769975
5,2,769975
5,3,769975
5,4,769975
5,5,769975
5,6,769975
5,7,770039
5,8,770039
5,9,770039
5,10,770039
5,11,769783
6,1,769975
6,2,786359
6,3,786359
6,4,786359
6,5,786359
6,6,786359
6,7,786343
6,8,786343
6,9,786343
6,10,786343
6,11,786343
7,1,769975
7,2,769975
7,3,769975
7,4,769975
7,5,769975
7,6,769975
7,7,769975
7,8,769975
7,9,769975
7,10,769975
7,11,769975
8,1,769975
8,2,769975
8,3,769975
8,4,769974
8,5,769958
8,6,769958
8,7,1032102
8,8,1032102
8,9,1032102
8,10,1032102
8,11,1032070
9,1,769975
9,2,769975
9,3,769975
9,4,769975
9,5,769975
9,6,769975
9,7,769975
9,8,769975
9,9,769959
9,10,769975
9,11,769975
10,1,769975
10,2,769975
10,3,769975
10,4,769975
10,5,769975
10,6,769975
10,7,769975
10,8,769975
10,9,769974
10,10,769975
10,11,769975
1,1,774016
1,2,774016
1,3,782208
1,4,782208
1,5,782208
1,6,782208
1,7,782208
1,8,782208
1,9,782208
1,10,765824
1,11,769920
2,1,774016
2,2,782208
2,3,782208
2,4,782208
2,5,782208
2,6,782208
2,7,782208
2,8,782208
2,9,782208
2,10,782208
2,11,782208
3,1,774016
3,2,771968
3,3,770944
3,4,770944
3,5,779136
3,6,779136
3,7,779136
3,8,779136
3,9,762752
3,10,762752
3,11,762752
4,1,774016
4,2,642944
4,3,642944
4,4,647040
4,5,642944
4,6,626560
4,7,626560
4,8,626560
4,9,626560
4,10,624512
4,11,624516
5,1,774016
5,2,774016
5,3,757632
5,4,757632
5,5,757632
5,6,757632
5,7,757632
5,8,757632
5,9,757633
5,10,757633
5,11,757633
6,1,774016
6,2,774016
6,3,782208
6,4,782208
6,5,782208
6,6,782208
6,7,781184
6,8,781184
6,9,781184
6,10,781184
6,11,781184
7,1,774016
7,2,757632
7,3,757632
7,4,757632
7,5,757632
7,6,757632
7,7,757632
7,8,757634
7,9,755586
7,10,755586
7,11,755586
8,1,774016
8,2,774016
8,3,774016
8,4,774016
8,5,774016
8,6,774016
8,7,642944
8,8,642944
8,9,642944
8,10,642944
8,11,651136
9,1,774016
9,2,757632
9,3,1019776
9,4,1019776
9,5,1019776
9,6,1019776
9,7,1019776
9,8,1019776
9,9,1019776
9,10,1036160
9,11,1036160
10,1,774016
10,2,774016
10,3,774016
10,4,774016
10,5,771968
10,6,771968
10,7,771968
10,8,771968
10,9,771968
10,10,771968
10,11,771968
1,1,780167
1,2,780167
1,3,780167
1,4,780167
1,5,780167
1,6,780167
1,7,780167
1,8,782215
1,9,257927
1,10,257927
1,11,241543
2,1,780167
2,2,779143
2,3,779143
2,4,779143
2,5,779143
2,6,779139
2,7,779138
2,8,779136
2,9,779136
2,10,779136
2,11,779136
3,1,780167
3,2,780167
3,3,780167
3,4,780167
3,5,780167
3,6,780167
3,7,780167
3,8,780167
3,9,780167
3,10,1042311
3,11,1042311
4,1,780167
4,2,780167
4,3,1042311
4,4,1042311
4,5,1042311
4,6,1044359
4,7,1044359
4,8,1044359
4,9,1044359
4,10,1044359
4,11,1044359
5,1,780167
5,2,780167
5,3,780167
5,4,782215
5,5,782215
5,6,782215
5,7,782215
5,8,782215
5,9,782215
5,10,651143
5,11,651143
6,1,780167
6,2,782215
6,3,782215
6,4,782215
6,5,782215
6,6,782215
6,7,782215
6,8,1044359
6,9,1044359
6,10,1044359
6,11,1044359
7,1,780167
7,2,780167
7,3,780167
7,4,780167
7,5,780167
7,6,780167
7,7,780167
7,8,780167
7,9,780167
7,10,780167
7,11,780167
8,1,780167
8,2,1042311
8,3,1042311
8,4,1042311
8,5,1025927
8,6,1025927
8,7,1025927
8,8,1025927
8,9,1025927
8,10,1025927
8,11,1025927
9,1,780167
9,2,780167
9,3,782215
9,4,782215
9,5,782215
9,6,782215
9,7,782215
9,8,786311
9,9,786311
9,10,786311
9,11,786311
10,1,780167
10,2,780163
10,3,780163
10,4,780163
10,5,780163
10,6,780163
10,7,780162
10,8,780162
10,9,1042306
10,10,1042306
10,11,1042306
1,1,782214
1,2,782214
1,3,782214
1,4,782214
1,5,782214
1,6,782214
1,7,782214
1,8,782214
1,9,782214
1,10,782214
1,11,782214
2,1,782214
2,2,651142
2,3,651142
2,4,650886
2,5,650886
2,6,650886
2,7,650886
2,8,650886
2,9,648838
2,10,648710
2,11,648706
3,1,782214
3,2,782214
3,3,782214
3,4,782214
3,5,651142
3,6,651142
3,7,651142
3,8,651142
3,9,651142
3,10,651142
3,11,651142
4,1,782214
4,2,782215
4,3,781959
4,4,781959
4,5,781959
4,6,781959
4,7,781959
4,8,781959
4,9,781959
4,10,781958
4,11,1044102
5,1,782214
5,2,782215
5,3,782215
5,4,782215
5,5,782215
5,6,782215
5,7,782215
5,8,1044359
5,9,1044359
5,10,1044359
5,11,1044359
6,1,782214
6,2,782214
6,3,782214
6,4,782214
6,5,782214
6,6,782214
6,7,782214
6,8,782214
6,9,782214
6,10,786310
6,11,782214
7,1,782214
7,2,782214
7,3,782214
7,4,782214
7,5,782214
7,6,782214
7,7,782214
7,8,782246
7,9,782246
7,10,782246
7,11,782246
8,1,782214
8,2,782214
8,3,782214
8,4,782214
8,5,782214
8,6,782215
8,7,1044359
8,8,1027975
8,9,1027975
8,10,1027975
8,11,1027975
9,1,782214
9,2,782214
9,3,782214
9,4,782214
9,5,782086
9,6,781062
9,7,781062
9,8,781062
9,9,781062
9,10,781062
9,11,781062
10,1,782214
10,2,782214
10,3,782214
10,4,782214
10,5,782214
10,6,786310
10,7,786310
10,8,786310
10,9,786310
10,10,786310
10,11,769926
1,1,786306
1,2,786338
1,3,786338
1,4,786306
1,5,769922
1,6,786306
1,7,786306
1,8,786306
1,9,769922
1,10,769922
1,11,769922
2,1,786306
2,2,786306
2,3,655234
2,4,655234
2,5,655234
2,6,655234
2,7,638850
2,8,638850
2,9,638850
2,10,630658
2,11,630658
3,1,786306
3,2,786306
3,3,786306
3,4,786306
3,5,786306
3,6,786306
3,7,769922
3,8,638850
3,9,638850
3,10,638850
3,11,630658
4,1,786306
4,2,786306
4,3,786306
4,4,786306
4,5,786306
4,6,786306
4,7,786306
4,8,786306
4,9,786306
4,10,786338
4,11,786306
5,1,786306
5,2,786306
5,3,786306
5,4,786306
5,5,786050
5,6,786050
5,7,786050
5,8,786050
5,9,786050
5,10,786050
5,11,786050
6,1,786306
6,2,786306
6,3,786306
6,4,786306
6,5,786306
6,6,786306
6,7,786306
6,8,786306
6,9,769922
6,10,769926
6,11,769926
7,1,786306
7,2,786306
7,3,769922
7,4,769922
7,5,765826
7,6,765826
7,7,765826
7,8,765826
7,9,765826
7,10,765826
7,11,765826
8,1,786306
8,2,785282
8,3,785282
8,4,785282
8,5,785282
8,6,785282
8,7,785282
8,8,785283
8,9,785287
8,10,785287
8,11,785287
9,1,786306
9,2,786306
9,3,786306
9,4,786306
9,5,786306
9,6,786306
9,7,786306
9,8,786306
9,9,786306
9,10,786306
9,11,786306
10,1,786306
10,2,786306
10,3,786310
10,4,786310
10,5,786310
10,6,786310
10,7,786310
10,8,786310
10,9,786310
10,10,786310
10,11,786310
1,1,787334
1,2,786822
1,3,786822
1,4,917894
1,5,918406
1,6,787334
1,7,787334
1,8,787206
1,9,787206
1,10,788230
1,11,788230
2,1,787334
2,2,787334
2,3,918406
2,4,918278
2,5,918278
2,6,918278
2,7,918278
2,8,926470
2,9,926470
2,10,926471
2,11,926471
3,1,787334
3,2,852870
3,3,852870
3,4,852870
3,5,852870
3,6,885638
3,7,886662
3,8,886662
3,9,886662
3,10,886662
3,11,362374
4,1,787334
4,2,787334
4,3,788358
4,4,788358
4,5,788358
4,6,919430
4,7,919430
4,8,919430
4,9,919430
4,10,919430
4,11,919430
5,1,787334
5,2,787334
5,3,787334
5,4,787206
5,5,787206
5,6,918278
5,7,918278
5,8,918274
5,9,918274
5,10,918274
5,11,918274
6,1,787334
6,2,787334
6,3,787334
6,4,918406
6,5,918406
6,6,918406
6,7,918406
6,8,787334
6,9,918406
6,10,918406
6,11,919430
7,1,787334
7,2,787335
7,3,820103
7,4,820103
7,5,885639
7,6,885639
7,7,885639
7,8,886663
7,9,886663
7,10,886663
7,11,886662
8,1,787334
8,2,787334
8,3,787334
8,4,787334
8,5,787334
8,6,787334
8,7,787334
8,8,918406
8,9,918406
8,10,918406
8,11,951174
9,1,787334
9,2,787334
9,3,787334
9,4,787334
9,5,918406
9,6,918406
9,7,787334
9,8,787334
9,9,803718
9,10,804742
9,11,804742
10,1,787334
10,2,787334
10,3,918406
10,4,787334
10,5,787334
10,6,787206
10,7,262918
10,8,262918
10,9,787206
10,10,918278
10,11,926470
1,1,885632
1,2,885632
1,3,623488
1,4,631680
1,5,631680
1,6,631680
1,7,631680
1,8,631680
1,9,623488
1,10,623488
1,11,623488
2,1,885632
2,2,623488
2,3,623488
2,4,623488
2,5,623488
2,6,623488
2,7,623488
2,8,623488
2,9,623488
2,10,623488
2,11,623488
3,1,885632
3,2,885632
3,3,885632
3,4,885632
3,5,885632
3,6,623488
3,7,623488
3,8,623488
3,9,623488
3,10,623488
3,11,623488
4,1,885632
4,2,885632
4,3,885632
4,4,885632
4,5,885632
4,6,885632
4,7,885632
4,8,902016
4,9,902016
4,10,902016
4,11,902016
5,1,885632
5,2,885632
5,3,885632
5,4,885632
5,5,885632
5,6,885632
5,7,885632
5,8,885632
5,9,885632
5,10,885632
5,11,1016704
6,1,885632
6,2,361344
6,3,361344
6,4,361344
6,5,362368
6,6,362368
6,7,362368
6,8,886656
6,9,886656
6,10,886656
6,11,886656
7,1,885632
7,2,361344
7,3,361344
7,4,361344
7,5,369536
7,6,369536
7,7,369536
7,8,107392
7,9,107392
7,10,107392
7,11,108416
8,1,885632
8,2,885632
8,3,886656
8,4,886656
8,5,886656
8,6,886656
8,7,886656
8,8,886656
8,9,886656
8,10,362368
8,11,362368
9,1,885632
9,2,885632
9,3,885632
9,4,893824
9,5,1024896
9,6,1024896
9,7,1024897
9,8,1025921
9,9,1025921
9,10,1025921
9,11,501633
10,1,885632
10,2,885632
10,3,885632
10,4,902016
10,5,902016
10,6,885632
10,7,885632
10,8,623488
10,9,623488
10,10,624512
10,11,624512
1,1,886272
1,2,820736
1,3,820736
1,4,820736
1,5,820736
1,6,820864
1,7,820864
1,8,820864
1,9,820864
1,10,820864
1,11,820864
2,1,886272
2,2,886272
2,3,886272
2,4,886272
2,5,886272
2,6,820736
2,7,820740
2,8,820740
2,9,820740
2,10,820740
2,11,820740
3,1,886272
3,2,886272
3,3,886272
3,4,886272
3,5,902656
3,6,902656
3,7,902656
3,8,902656
3,9,901632
3,10,901632
3,11,901632
4,1,886272
4,2,886272
4,3,886272
4,4,894464
4,5,894464
4,6,894464
4,7,894464
4,8,894464
4,9,894464
4,10,894464
4,11,894464
5,1,886272
5,2,886272
5,3,886272
5,4,886272
5,5,885760
5,6,885760
5,7,885760
5,8,885760
5,9,885760
5,10,885760
5,11,885760
6,1,886272
6,2,886272
6,3,886272
6,4,886272
6,5,361984
6,6,361984
6,7,361984
6,8,361984
6,9,361984
6,10,361984
6,11,361984
7,1,886272
7,2,886272
7,3,886272
7,4,886272
7,5,886272
7,6,886272
7,7,886272
7,8,886272
7,9,886272
7,10,886272
7,11,886272
8,1,886272
8,2,361984
8,3,360960
8,4,360960
8,5,360960
8,6,360960
8,7,360960
8,8,360960
8,9,360960
8,10,360960
8,11,360960
9,1,886272
9,2,886272
9,3,624128
9,4,624128
9,5,624128
9,6,624128
9,7,99840
9,8,99840
9,9,99840
9,10,99840
9,11,99840
10,1,886272
10,2,624128
10,3,624128
10,4,624256
10,5,624512
10,6,624512
10,7,624512
10,8,624512
10,9,624512
10,10,624512
10,11,624512
1,1,886278
1,2,886278
1,3,886278
1,4,886278
1,5,886278
1,6,886278
1,7,886278
1,8,886278
1,9,886278
1,10,886278
1,11,886278
2,1,886278
2,2,886278
2,3,886276
2,4,886276
2,5,886276
2,6,886276
2,7,886276
2,8,886276
2,9,886276
2,10,886276
2,11,886276
3,1,886278
3,2,886278
3,3,886278
3,4,361990
3,5,361990
3,6,361986
3,7,361986
3,8,361986
3,9,361986
3,10,361986
3,11,361986
4,1,886278
4,2,886274
4,3,886274
4,4,886274
4,5,886274
4,6,886274
4,7,886274
4,8,886274
4,9,886272
4,10,886272
4,11,886272
5,1,886278
5,2,886278
5,3,886278
5,4,886278
5,5,886278
5,6,886278
5,7,894470
5,8,894470
5,9,894470
5,10,894470
5,11,894470
6,1,886278
6,2,1017350
6,3,1017350
6,4,1017350
6,5,1017350
6,6,886278
6,7,886278
6,8,886278
6,9,624134
6,10,624134
6,11,624134
7,1,886278
7,2,886278
7,3,886278
7,4,886278
7,5,886278
7,6,902662
7,7,378374
7,8,378374
7,9,378374
7,10,378374
7,11,378374
8,1,886278
8,2,886278
8,3,886278
8,4,886278
8,5,886278
8,6,886278
8,7,886278
8,8,886278
8,9,886278
8,10,886278
8,11,886278
9,1,886278
9,2,886278
9,3,886278
9,4,886278
9,5,886278
9,6,886278
9,7,1017350
9,8,1017350
9,9,1017350
9,10,1017606
9,11,1017606
10,1,886278
10,2,886278
10,3,886278
10,4,886278
10,5,886278
10,6,886278
10,7,886278
10,8,886278
10,9,886278
10,10,886278
10,11,886278
1,1,886658
1,2,886662
1,3,886662
1,4,886662
1,5,886662
1,6,886662
1,7,886662
1,8,886662
1,9,886662
1,10,885638
1,11,361350
2,1,886658
2,2,886658
2,3,886662
2,4,886662
2,5,886662
2,6,886662
2,7,886662
2,8,886662
2,9,886662
2,10,886662
2,11,362374
3,1,886658
3,2,1017730
3,3,1017730
3,4,1017730
3,5,1017730
3,6,1017730
3,7,493442
3,8,493442
3,9,493446
3,10,493446
3,11,493446
4,1,886658
4,2,886658
4,3,886658
4,4,886658
4,5,886658
4,6,886658
4,7,886658
4,8,886658
4,9,886658
4,10,886658
4,11,886658
5,1,886658
5,2,886666
5,3,1017738
5,4,1017610
5,5,1017610
5,6,1017610
5,7,1017610
5,8,1017610
5,9,1017610
5,10,1033994
5,11,1033994
6,1,886658
6,2,362370
6,3,362370
6,4,362242
6,5,493314
6,6,493314
6,7,493314
6,8,493442
6,9,493442
6,10,493442
6,11,493442
7,1,886658
7,2,886656
7,3,886656
7,4,886656
7,5,886656
7,6,886656
7,7,886656
7,8,886656
7,9,886656
7,10,362368
7,11,362368
8,1,886658
8,2,886658
8,3,886658
8,4,894850
8,5,894850
8,6,894850
8,7,894850
8,8,894850
8,9,894854
8,10,894854
8,11,894854
9,1,886658
9,2,624514
9,3,624514
9,4,624514
9,5,624514
9,6,624514
9,7,624512
9,8,624514
9,9,624514
9,10,624514
9,11,624514
10,1,886658
10,2,886658
10,3,886658
10,4,886658
10,5,886658
10,6,886658
10,7,886658
10,8,886658
10,9,886658
10,10,886658
10,11,886658
1,1,886660
1,2,1017732
1,3,1017733
1,4,1017733
1,5,1017733
1,6,1017732
1,7,1017732
1,8,1017732
1,9,1017732
1,10,1017732
1,11,1017732
2,1,886660
2,2,886660
2,3,886662
2,4,888710
2,5,888710
2,6,888710
2,7,888710
2,8,888710
2,9,888710
2,10,888710
2,11,888710
3,1,886660
3,2,362372
3,3,362372
3,4,362372
3,5,370564
3,6,370564
3,7,370564
3,8,370564
3,9,370564
3,10,370564
3,11,370564
4,1,886660
4,2,886660
4,3,886660
4,4,886660
4,5,886660
4,6,886660
4,7,886660
4,8,886660
4,9,886660
4,10,886404
4,11,886404
5,1,886660
5,2,886660
5,3,886660
5,4,886660
5,5,886660
5,6,886660
5,7,886660
5,8,886660
5,9,886660
5,10,886660
5,11,362372
6,1,886660
6,2,886660
6,3,886660
6,4,886656
6,5,886656
6,6,886656
6,7,886656
6,8,886656
6,9,886656
6,10,886656
6,11,886656
7,1,886660
7,2,886660
7,3,886660
7,4,886660
7,5,886656
7,6,886656
7,7,886656
7,8,362368
7,9,362368
7,10,362368
7,11,329600
8,1,886660
8,2,886660
8,3,886660
8,4,886660
8,5,886656
8,6,886656
8,7,886656
8,8,886656
8,9,1017728
8,10,1017728
8,11,1017728
9,1,886660
9,2,886660
9,3,362372
9,4,362372
9,5,362372
9,6,362372
9,7,362372
9,8,362372
9,9,362372
9,10,362372
9,11,370564
10,1,886660
10,2,886656
10,3,886656
10,4,886656
10,5,886656
10,6,886656
10,7,886656
10,8,624512
10,9,624514
10,10,886658
10,11,886662
1,1,886662
1,2,1017734
1,3,1017734
1,4,1025926
1,5,1025926
1,6,1025926
1,7,1027974
1,8,765830
1,9,765830
1,10,765830
1,11,765830
2,1,886662
2,2,886662
2,3,886662
2,4,886662
2,5,362374
2,6,362374
2,7,362374
2,8,362374
2,9,362374
2,10,362374
2,11,361350
3,1,886662
3,2,886662
3,3,886662
3,4,886662
3,5,886662
3,6,886662
3,7,886662
3,8,886662
3,9,886662
3,10,886662
3,11,886662
4,1,886662
4,2,888710
4,3,888710
4,4,888710
4,5,1019782
4,6,757638
4,7,765830
4,8,765830
4,9,765830
4,10,765830
4,11,765830
5,1,886662
5,2,624518
5,3,624518
5,4,624518
5,5,624518
5,6,624518
5,7,624518
5,8,624518
5,9,624519
5,10,624519
5,11,624519
6,1,886662
6,2,886662
6,3,886662
6,4,886662
6,5,886662
6,6,886662
6,7,886662
6,8,886662
6,9,886662
6,10,886662
6,11,886662
7,1,886662
7,2,886662
7,3,886662
7,4,886662
7,5,886662
7,6,886662
7,7,886662
7,8,886662
7,9,886662
7,10,886662
7,11,886662
8,1,886662
8,2,886662
8,3,886662
8,4,886662
8,5,886662
8,6,886662
8,7,886662
8,8,886662
8,9,886662
8,10,886662
8,11,886662
9,1,886662
9,2,886662
9,3,886662
9,4,885638
9,5,886662
9,6,886662
9,7,886662
9,8,886662
9,9,886662
9,10,886662
9,11,886662
10,1,886662
10,2,886662
10,3,886662
10,4,886662
10,5,886662
10,6,886662
10,7,886662
10,8,890758
10,9,890758
10,10,890758
10,11,890758
1,1,886663
1,2,886663
1,3,886663
1,4,886663
1,5,903047
1,6,902023
1,7,904071
1,8,379783
1,9,379782
1,10,379782
1,11,377734
2,1,886663
2,2,886663
2,3,886662
2,4,886662
2,5,894854
2,6,894854
2,7,894854
2,8,894862
2,9,894862
2,10,894862
2,11,894862
3,1,886663
3,2,886663
3,3,886663
3,4,886663
3,5,886663
3,6,362375
3,7,362373
3,8,362373
3,9,362373
3,10,362372
3,11,362372
4,1,886663
4,2,886663
4,3,886663
4,4,886663
4,5,894855
4,6,894855
4,7,894854
4,8,894854
4,9,894854
4,10,894854
4,11,886662
5,1,886663
5,2,886663
5,3,886663
5,4,886663
5,5,886663
5,6,886663
5,7,886663
5,8,886663
5,9,886663
5,10,886663
5,11,886663
6,1,886663
6,2,886407
6,3,886407
6,4,886279
6,5,886279
6,6,886279
6,7,886279
6,8,886279
6,9,886279
6,10,886279
6,11,886279
7,1,886663
7,2,886663
7,3,886662
7,4,886662
7,5,886662
7,6,886662
7,7,886662
7,8,886662
7,9,886662
7,10,886662
7,11,886662
8,1,886663
8,2,886663
8,3,1017735
8,4,1025927
8,5,1025926
8,6,1025926
8,7,1025926
8,8,1025926
8,9,1025926
8,10,1025926
8,11,1025926
9,1,886663
9,2,886663
9,3,886663
9,4,886662
9,5,886662
9,6,886662
9,7,886662
9,8,886662
9,9,886662
9,10,886662
9,11,886662
10,1,886663
10,2,886663
10,3,886663
10,4,886663
10,5,886663
10,6,886663
10,7,886663
10,8,886663
10,9,886663
10,10,894855
10,11,894855
1,1,894598
1,2,894598
1,3,894598
1,4,910982
1,5,910982
1,6,910982
1,7,386694
1,8,124550
1,9,648838
1,10,648838
1,11,648838
2,1,894598
2,2,894598
2,3,894470
2,4,894470
2,5,894470
2,6,910854
2,7,386566
2,8,386566
2,9,386566
2,10,386566
2,11,386566
3,1,894598
3,2,894598
3,3,894598
3,4,894598
3,5,894598
3,6,894598
3,7,894599
3,8,896647
3,9,896647
3,10,896647
3,11,896647
4,1,894598
4,2,894598
4,3,894598
4,4,894598
4,5,894598
4,6,894598
4,7,894598
4,8,632454
4,9,632454
4,10,632454
4,11,632454
5,1,894598
5,2,894598
5,3,894598
5,4,894598
5,5,894598
5,6,894470
5,7,1025542
5,8,1025542
5,9,1025542
5,10,1025542
5,11,1025542
6,1,894598
6,2,894598
6,3,894598
6,4,632454
6,5,632454
6,6,632454
6,7,632454
6,8,632452
6,9,632452
6,10,632452
6,11,632452
7,1,894598
7,2,894598
7,3,894598
7,4,894598
7,5,894598
7,6,1025670
7,7,1025670
7,8,1025670
7,9,1025670
7,10,1025670
7,11,1025670
8,1,894598
8,2,910982
8,3,910982
8,4,910982
8,5,910982
8,6,910982
8,7,910982
8,8,910982
8,9,910982
8,10,910982
8,11,910982
9,1,894598
9,2,894598
9,3,894598
9,4,894598
9,5,894598
9,6,894598
9,7,894598
9,8,894598
9,9,894598
9,10,894598
9,11,894598
10,1,894598
10,2,910982
10,3,910982
10,4,910854
10,5,910854
10,6,910854
10,7,910854
10,8,910854
10,9,909830
10,10,909830
10,11,909830
1,1,894854
1,2,894854
1,3,894854
1,4,894854
1,5,894854
1,6,894854
1,7,894854
1,8,893830
1,9,893830
1,10,893830
1,11,893830
2,1,894854
2,2,894854
2,3,894854
2,4,894854
2,5,894854
2,6,894854
2,7,894854
2,8,894854
2,9,894850
2,10,894850
2,11,894850
3,1,894854
3,2,894854
3,3,894854
3,4,894854
3,5,894854
3,6,894854
3,7,370566
3,8,370566
3,9,370566
3,10,370566
3,11,370566
4,1,894854
4,2,894854
4,3,894854
4,4,894854
4,5,1025926
4,6,1025926
4,7,1025926
4,8,1025926
4,9,1025926
4,10,1025926
4,11,1025926
5,1,894854
5,2,894854
5,3,894854
5,4,894854
5,5,894854
5,6,370566
5,7,370566
5,8,370566
5,9,370566
5,10,370566
5,11,370566
6,1,894854
6,2,632710
6,3,632710
6,4,632710
6,5,632710
6,6,632710
6,7,632710
6,8,632710
6,9,632710
6,10,632710
6,11,632710
7,1,894854
7,2,894854
7,3,894854
7,4,894854
7,5,894854
7,6,894854
7,7,894854
7,8,894854
7,9,894854
7,10,894854
7,11,894854
8,1,894854
8,2,894854
8,3,894854
8,4,894854
8,5,894854
8,6,894854
8,7,894854
8,8,894854
8,9,894854
8,10,894854
8,11,894854
9,1,894854
9,2,894854
9,3,894854
9,4,894854
9,5,894854
9,6,894854
9,7,894854
9,8,886662
9,9,886662
9,10,886662
9,11,886662
10,1,894854
10,2,894854
10,3,894854
10,4,894854
10,5,894854
10,6,894850
10,7,894850
10,8,894850
10,9,894850
10,10,370562
10,11,501634
1,1,894855
1,2,894854
1,3,894854
1,4,894854
1,5,894854
1,6,894854
1,7,894854
1,8,1025926
1,9,1025926
1,10,1025926
1,11,1025926
2,1,894855
2,2,894855
2,3,894855
2,4,894855
2,5,894855
2,6,911239
2,7,911239
2,8,911239
2,9,911239
2,10,911239
2,11,911239
3,1,894855
3,2,894855
3,3,894855
3,4,1025927
3,5,1025927
3,6,1025927
3,7,1025927
3,8,1025927
3,9,1025927
3,10,1025927
3,11,1025927
4,1,894855
4,2,894855
4,3,894855
4,4,894855
4,5,894855
4,6,894855
4,7,894855
4,8,894855
4,9,894855
4,10,894855
4,11,894855
5,1,894855
5,2,894855
5,3,894855
5,4,894855
5,5,894855
5,6,894855
5,7,886663
5,8,886663
5,9,886663
5,10,886663
5,11,886663
6,1,894855
6,2,894855
6,3,894855
6,4,894855
6,5,894855
6,6,894855
6,7,894855
6,8,370567
6,9,370567
6,10,370567
6,11,370567
7,1,894855
7,2,894855
7,3,894855
7,4,894855
7,5,894855
7,6,894855
7,7,894855
7,8,829319
7,9,829319
7,10,829319
7,11,829319
8,1,894855
8,2,894855
8,3,894855
8,4,370567
8,5,370566
8,6,894854
8,7,894854
8,8,1025926
8,9,1025926
8,10,1025926
8,11,1025926
9,1,894855
9,2,896903
9,3,896903
9,4,896903
9,5,896903
9,6,888711
9,7,888710
9,8,888710
9,9,888710
9,10,888710
9,11,888710
10,1,894855
10,2,894855
10,3,894855
10,4,894855
10,5,894855
10,6,894854
10,7,894854
10,8,894854
10,9,894850
10,10,894850
10,11,370562
1,1,896898
1,2,896898
1,3,634754
1,4,634754
1,5,634754
1,6,634754
1,7,634754
1,8,634754
1,9,634754
1,10,634754
1,11,634754
2,1,896898
2,2,896898
2,3,896898
2,4,1027970
2,5,1027970
2,6,1027970
2,7,1027968
2,8,1027968
2,9,1027968
2,10,1027968
2,11,1027968
3,1,896898
3,2,896898
3,3,1027970
3,4,1027974
3,5,1027974
3,6,1027974
3,7,1027974
3,8,1027974
3,9,1027974
3,10,1027974
3,11,1027974
4,1,896898
4,2,896898
4,3,896898
4,4,896898
4,5,896898
4,6,1027970
4,7,1027970
4,8,1027970
4,9,1027970
4,10,1027970
4,11,1027970
5,1,896898
5,2,896898
5,3,896898
5,4,896898
5,5,896898
5,6,896898
5,7,896899
5,8,896899
5,9,896899
5,10,896899
5,11,896897
6,1,896898
6,2,896898
6,3,896898
6,4,372610
6,5,372610
6,6,372610
6,7,372610
6,8,372610
6,9,372610
6,10,372610
6,11,372610
7,1,896898
7,2,894850
7,3,894850
7,4,894850
7,5,894850
7,6,894850
7,7,632706
7,8,632706
7,9,632706
7,10,632706
7,11,632706
8,1,896898
8,2,634754
8,3,634754
8,4,634754
8,5,634754
8,6,634754
8,7,634754
8,8,634754
8,9,634754
8,10,634754
8,11,634754
9,1,896898
9,2,896902
9,3,896902
9,4,896902
9,5,896902
9,6,896902
9,7,896902
9,8,1027974
9,9,1027974
9,10,1027974
9,11,1027974
10,1,896898
10,2,634754
10,3,634754
10,4,634754
10,5,634754
10,6,634754
10,7,634752
10,8,634752
10,9,634752
10,10,634752
10,11,634752
1,1,896903
1,2,896903
1,3,896903
1,4,896903
1,5,896903
1,6,896903
1,7,1027975
1,8,1027975
1,9,1025927
1,10,1025927
1,11,1025927
2,1,896903
2,2,896903
2,3,896903
2,4,896903
2,5,896903
2,6,896903
2,7,1027975
2,8,1027975
2,9,1044359
2,10,1044359
2,11,1044359
3,1,896903
3,2,888711
3,3,888711
3,4,888711
3,5,888711
3,6,888711
3,7,1019783
3,8,1019783
3,9,1019783
3,10,1019783
3,11,1019783
4,1,896903
4,2,896903
4,3,896903
4,4,896903
4,5,896903
4,6,896935
4,7,1028007
4,8,1028007
4,9,1028007
4,10,1028007
4,11,1028007
5,1,896903
5,2,896903
5,3,896903
5,4,896903
5,5,896903
5,6,896903
5,7,896903
5,8,896903
5,9,896903
5,10,896903
5,11,896903
6,1,896903
6,2,896903
6,3,896903
6,4,896903
6,5,896903
6,6,896903
6,7,896903
6,8,896903
6,9,896903
6,10,896903
6,11,896903
7,1,896903
7,2,896903
7,3,896903
7,4,634759
7,5,634759
7,6,634759
7,7,634758
7,8,634758
7,9,634758
7,10,634758
7,11,634758
8,1,896903
8,2,896903
8,3,896903
8,4,896903
8,5,896903
8,6,896903
8,7,1027975
8,8,503687
8,9,503687
8,10,503687
8,11,1027975
9,1,896903
9,2,896903
9,3,896903
9,4,896902
9,5,896902
9,6,896902
9,7,896902
9,8,896902
9,9,896902
9,10,896902
9,11,896902
10,1,896903
10,2,896903
10,3,896903
10,4,896903
10,5,896903
10,6,896903
10,7,896903
10,8,896902
10,9,896900
10,10,896644
10,11,1027716
1,1,902020
1,2,902020
1,3,903044
1,4,903044
1,5,903044
1,6,903044
1,7,903044
1,8,903044
1,9,903044
1,10,1034116
1,11,1042308
2,1,902020
2,2,902020
2,3,377732
2,4,377732
2,5,377732
2,6,377732
2,7,377734
2,8,377734
2,9,377734
2,10,377734
2,11,377734
3,1,902020
3,2,902022
3,3,903046
3,4,903046
3,5,903046
3,6,903046
3,7,903046
3,8,903046
3,9,903046
3,10,911238
3,11,911238
4,1,902020
4,2,902020
4,3,910212
4,4,910212
4,5,910212
4,6,910212
4,7,910212
4,8,910208
4,9,893824
4,10,893826
4,11,893826
5,1,902020
5,2,885636
5,3,623492
5,4,624516
5,5,624518
5,6,624518
5,7,624518
5,8,624518
5,9,624518
5,10,624518
5,11,624518
6,1,902020
6,2,377732
6,3,377732
6,4,377732
6,5,377732
6,6,377732
6,7,377732
6,8,377732
6,9,377732
6,10,377734
6,11,377734
7,1,902020
7,2,902020
7,3,902020
7,4,885636
7,5,885636
7,6,885636
7,7,885636
7,8,885636
7,9,886660
7,10,886660
7,11,886660
8,1,902020
8,2,902020
8,3,885636
8,4,885636
8,5,885636
8,6,885636
8,7,885636
8,8,885636
8,9,885636
8,10,885636
8,11,885636
9,1,902020
9,2,902020
9,3,902020
9,4,902020
9,5,902020
9,6,639876
9,7,639876
9,8,574340
9,9,574340
9,10,50052
9,11,49796
10,1,902020
10,2,902020
10,3,902020
10,4,902016
10,5,902016
10,6,902016
10,7,902016
10,8,902016
10,9,377728
10,10,377728
10,11,377728
1,1,910854
1,2,910854
1,3,910854
1,4,910982
1,5,909958
1,6,909958
1,7,647814
1,8,123526
1,9,123526
1,10,123526
1,11,123526
2,1,910854
2,2,894470
2,3,894470
2,4,894470
2,5,894470
2,6,894470
2,7,894470
2,8,894470
2,9,1025542
2,10,1025542
2,11,1025543
3,1,910854
3,2,910854
3,3,910854
3,4,910982
3,5,911238
3,6,386950
3,7,386950
3,8,386950
3,9,386950
3,10,391046
3,11,391046
4,1,910854
4,2,910854
4,3,910854
4,4,910854
4,5,910854
4,6,910854
4,7,910854
4,8,910854
4,9,910854
4,10,910854
4,11,910854
5,1,910854
5,2,909830
5,3,909830
5,4,909830
5,5,909830
5,6,909830
5,7,909830
5,8,909830
5,9,909830
5,10,909831
5,11,909830
6,1,910854
6,2,910854
6,3,910854
6,4,910854
6,5,910854
6,6,910854
6,7,910854
6,8,910854
6,9,894470
6,10,894470
6,11,370182
7,1,910854
7,2,910854
7,3,910854
7,4,910854
7,5,910854
7,6,910854
7,7,910854
7,8,910854
7,9,910854
7,10,910854
7,11,910854
8,1,910854
8,2,910854
8,3,910854
8,4,909830
8,5,910854
8,6,910854
8,7,910854
8,8,910854
8,9,910854
8,10,910850
8,11,894466
9,1,910854
9,2,910854
9,3,910854
9,4,910854
9,5,910854
9,6,910854
9,7,910854
9,8,910854
9,9,910854
9,10,910854
9,11,910854
10,1,910854
10,2,910854
10,3,910854
10,4,910854
10,5,1041926
10,6,1041926
10,7,910854
10,8,902662
10,9,902658
10,10,886274
10,11,886274
