simulation,timestep,config_id
1,1,910982
1,2,910982
1,3,910982
1,4,910982
1,5,910982
1,6,910982
1,7,913030
1,8,913030
1,9,913030
1,10,913030
1,11,650886
2,1,910982
2,2,911238
2,3,911238
2,4,911238
2,5,911238
2,6,911238
2,7,386950
2,8,386950
2,9,386950
2,10,386950
2,11,386950
3,1,910982
3,2,910854
3,3,910854
3,4,894470
3,5,894470
3,6,894470
3,7,894466
3,8,894466
3,9,910850
3,10,910850
3,11,910850
4,1,910982
4,2,910982
4,3,910982
4,4,910982
4,5,910982
4,6,910982
4,7,910982
4,8,910982
4,9,910982
4,10,911238
4,11,911238
5,1,910982
5,2,902790
5,3,902790
5,4,902790
5,5,902790
5,6,902662
5,7,902662
5,8,902662
5,9,902662
5,10,902662
5,11,902662
6,1,910982
6,2,910982
6,3,910982
6,4,910982
6,5,910982
6,6,910982
6,7,910982
6,8,910982
6,9,910982
6,10,910982
6,11,910982
7,1,910982
7,2,894598
7,3,894598
7,4,894598
7,5,370310
7,6,370310
7,7,894598
7,8,894598
7,9,894598
7,10,632454
7,11,632454
8,1,910982
8,2,1042054
8,3,1042054
8,4,1042054
8,5,1042054
8,6,1041926
8,7,1041926
8,8,1041926
8,9,1041926
8,10,1041926
8,11,1041926
9,1,910982
9,2,910982
9,3,910982
9,4,1042054
9,5,1042054
9,6,1044102
9,7,1044102
9,8,1044102
9,9,1043974
9,10,1043974
9,11,1043974
10,1,910982
10,2,911238
10,3,911238
10,4,903046
10,5,903046
10,6,903046
10,7,903046
10,8,903046
10,9,903046
10,10,903046
10,11,903046
1,1,911238
1,2,911238
1,3,911238
1,4,1042310
1,5,1042310
1,6,1042310
1,7,1042310
1,8,1042310
1,9,518022
1,10,518022
1,11,518022
2,1,911238
2,2,1042310
2,3,1042310
2,4,780166
2,5,780166
2,6,1042310
2,7,1042310
2,8,1042310
2,9,518022
2,10,518022
2,11,518023
3,1,911238
3,2,911238
3,3,911238
3,4,894854
3,5,894854
3,6,894854
3,7,894854
3,8,894854
3,9,896902
3,10,896902
3,11,896902
4,1,911238
4,2,911238
4,3,911238
4,4,894854
4,5,894854
4,6,1025926
4,7,1025926
4,8,1025926
4,9,1025926
4,10,1025926
4,11,1025926
5,1,911238
5,2,911238
5,3,911238
5,4,911238
5,5,911238
5,6,911238
5,7,1042310
5,8,1042310
5,9,1042310
5,10,1042310
5,11,1042310
6,1,911238
6,2,911238
6,3,894854
6,4,894854
6,5,894854
6,6,894854
6,7,894854
6,8,894854
6,9,894854
6,10,894854
6,11,894854
7,1,911238
7,2,911238
7,3,911238
7,4,911238
7,5,911238
7,6,911238
7,7,911238
7,8,911238
7,9,913286
7,10,913286
7,11,1044358
8,1,911238
8,2,911238
8,3,911238
8,4,911238
8,5,386950
8,6,386950
8,7,386950
8,8,386950
8,9,388998
8,10,388998
8,11,388998
9,1,911238
9,2,894854
9,3,894854
9,4,632710
9,5,763782
9,6,763782
9,7,763782
9,8,763782
9,9,763782
9,10,763782
9,11,763782
10,1,911238
10,2,910214
10,3,910214
10,4,910214
10,5,911238
10,6,911238
10,7,911238
10,8,913286
10,9,913286
10,10,913286
10,11,913286
1,1,911239
1,2,911255
1,3,911255
1,4,911255
1,5,911239
1,6,911239
1,7,649095
1,8,649095
1,9,651143
1,10,651143
1,11,651143
2,1,911239
2,2,911239
2,3,913287
2,4,1044359
2,5,1044359
2,6,1044359
2,7,1044359
2,8,1044358
2,9,1044358
2,10,1044358
2,11,1044356
3,1,911239
3,2,911239
3,3,910983
3,4,910983
3,5,910983
3,6,648839
3,7,648711
3,8,647687
3,9,647686
3,10,647686
3,11,647686
4,1,911239
4,2,903047
4,3,903047
4,4,903047
4,5,640903
4,6,640902
4,7,640902
4,8,640902
4,9,640898
4,10,624514
4,11,624514
5,1,911239
5,2,1042311
5,3,1042311
5,4,1042311
5,5,1042311
5,6,1042311
5,7,1042311
5,8,1042311
5,9,1042311
5,10,1042311
5,11,1042311
6,1,911239
6,2,911239
6,3,1042311
6,4,1042311
6,5,1042311
6,6,1042311
6,7,1042311
6,8,1025927
6,9,1025927
6,10,501639
6,11,501639
7,1,911239
7,2,911239
7,3,911239
7,4,913287
7,5,913287
7,6,913287
7,7,913287
7,8,913287
7,9,913287
7,10,913287
7,11,913287
8,1,911239
8,2,910215
8,3,910215
8,4,910215
8,5,910215
8,6,910215
8,7,1041287
8,8,1041287
8,9,1041287
8,10,1041286
8,11,1041286
9,1,911239
9,2,911238
9,3,911238
9,4,911238
9,5,911238
9,6,911238
9,7,911238
9,8,911238
9,9,911238
9,10,911238
9,11,911238
10,1,911239
10,2,911239
10,3,911239
10,4,911239
10,5,911239
10,6,911239
10,7,911239
10,8,913287
10,9,913287
10,10,913287
10,11,913287
1,1,913282
1,2,651138
1,3,651138
1,4,651138
1,5,651138
1,6,651138
1,7,651138
1,8,634754
1,9,634754
1,10,634754
1,11,634754
2,1,913282
2,2,913282
2,3,913282
2,4,913282
2,5,913282
2,6,913282
2,7,913282
2,8,913282
2,9,913282
2,10,913280
2,11,1044352
3,1,913282
3,2,913282
3,3,1044354
3,4,1044354
3,5,1044354
3,6,1044352
3,7,1042304
3,8,1041280
3,9,1041280
3,10,1041280
3,11,1041280
4,1,913282
4,2,1044354
4,3,1044354
4,4,1044354
4,5,1044358
4,6,1044358
4,7,1044358
4,8,1044358
4,9,1044358
4,10,1044358
4,11,1044358
5,1,913282
5,2,388994
5,3,388994
5,4,388994
5,5,388994
5,6,388994
5,7,388992
5,8,389000
5,9,389000
5,10,389000
5,11,389000
6,1,913282
6,2,913282
6,3,913282
6,4,913282
6,5,913282
6,6,913282
6,7,913282
6,8,913282
6,9,913282
6,10,913282
6,11,651138
7,1,913282
7,2,913282
7,3,913282
7,4,388994
7,5,388994
7,6,388994
7,7,388994
7,8,388998
7,9,388998
7,10,388998
7,11,388998
8,1,913282
8,2,913282
8,3,913286
8,4,913286
8,5,913286
8,6,913286
8,7,913286
8,8,651142
8,9,651142
8,10,651142
8,11,651142
9,1,913282
9,2,913283
9,3,913282
9,4,913282
9,5,913282
9,6,913282
9,7,913282
9,8,913282
9,9,913282
9,10,913282
9,11,913286
10,1,913282
10,2,913280
10,3,913280
10,4,913280
10,5,913280
10,6,913280
10,7,896896
10,8,896896
10,9,896896
10,10,896896
10,11,896896
1,1,929282
1,2,929282
1,3,929282
1,4,929282
1,5,929282
1,6,929282
1,7,929282
1,8,667138
1,9,667138
1,10,667138
1,11,732674
2,1,929282
2,2,929282
2,3,929282
2,4,929282
2,5,929282
2,6,929282
2,7,929282
2,8,929282
2,9,929282
2,10,929282
2,11,929282
3,1,929282
3,2,929282
3,3,927234
3,4,927234
3,5,927234
3,6,927232
3,7,927232
3,8,927232
3,9,927234
3,10,927234
3,11,927234
4,1,929282
4,2,929282
4,3,929282
4,4,927234
4,5,927234
4,6,927234
4,7,927234
4,8,927234
4,9,926722
4,10,926722
4,11,926723
5,1,929282
5,2,929282
5,3,404994
5,4,404994
5,5,404994
5,6,404994
5,7,404994
5,8,404994
5,9,404994
5,10,404998
5,11,929286
6,1,929282
6,2,798210
6,3,798210
6,4,798210
6,5,536066
6,6,536066
6,7,536194
6,8,536194
6,9,536198
6,10,536198
6,11,536198
7,1,929282
7,2,929282
7,3,929280
7,4,929282
7,5,929282
7,6,929282
7,7,994818
7,8,994818
7,9,994818
7,10,992770
7,11,1025538
8,1,929282
8,2,929282
8,3,929282
8,4,929282
8,5,928770
8,6,928770
8,7,928770
8,8,928770
8,9,928770
8,10,928770
8,11,928770
9,1,929282
9,2,929282
9,3,929282
9,4,929280
9,5,929282
9,6,929282
9,7,994818
9,8,1011202
9,9,1011202
9,10,1043970
9,11,1043970
10,1,929282
10,2,929538
10,3,929538
10,4,995074
10,5,995074
10,6,864002
10,7,864002
10,8,864003
10,9,864003
10,10,864131
10,11,864131
1,1,944007
1,2,944007
1,3,944007
1,4,944071
1,5,944071
1,6,944071
1,7,944071
1,8,944071
1,9,944071
1,10,943815
1,11,943303
2,1,944007
2,2,944007
2,3,944007
2,4,944007
2,5,419719
2,6,419719
2,7,421767
2,8,421767
2,9,421775
2,10,946063
2,11,946063
3,1,944007
3,2,944007
3,3,944007
3,4,944007
3,5,944007
3,6,944007
3,7,944007
3,8,944007
3,9,944007
3,10,976775
3,11,1042311
4,1,944007
4,2,944007
4,3,944007
4,4,944007
4,5,944007
4,6,944007
4,7,944007
4,8,944007
4,9,944007
4,10,944007
4,11,1009543
5,1,944007
5,2,946055
5,3,978823
5,4,978823
5,5,978823
5,6,978823
5,7,978823
5,8,978823
5,9,978823
5,10,978823
5,11,978823
6,1,944007
6,2,944007
6,3,944007
6,4,976775
6,5,976775
6,6,1042311
6,7,1042311
6,8,1042311
6,9,1042311
6,10,1042311
6,11,1042311
7,1,944007
7,2,944015
7,3,944015
7,4,1009551
7,5,1009551
7,6,1009551
7,7,1009551
7,8,1009551
7,9,1009551
7,10,1009551
7,11,1009551
8,1,944007
8,2,944007
8,3,944007
8,4,944007
8,5,976775
8,6,976775
8,7,976775
8,8,976775
8,9,976775
8,10,976775
8,11,1042311
9,1,944007
9,2,944007
9,3,944007
9,4,944006
9,5,944006
9,6,944006
9,7,944006
9,8,946054
9,9,946054
9,10,946054
9,11,946054
10,1,944007
10,2,944007
10,3,944007
10,4,944007
10,5,944007
10,6,944007
10,7,944007
10,8,944007
10,9,944007
10,10,944007
10,11,944007
1,1,976775
1,2,976775
1,3,1042311
1,4,1044359
1,5,1044359
1,6,1044359
1,7,1044359
1,8,1044359
1,9,1044359
1,10,1044359
1,11,1044359
2,1,976775
2,2,976775
2,3,976775
2,4,976775
2,5,976773
2,6,976773
2,7,976773
2,8,976775
2,9,976775
2,10,960391
2,11,960391
3,1,976775
3,2,976775
3,3,975751
3,4,975751
3,5,975749
3,6,975749
3,7,975749
3,8,975749
3,9,975749
3,10,975745
3,11,975745
4,1,976775
4,2,976775
4,3,1042311
4,4,1042311
4,5,1042311
4,6,1042311
4,7,1042311
4,8,1044359
4,9,1044359
4,10,1044359
4,11,1044359
5,1,976775
5,2,976775
5,3,976775
5,4,960391
5,5,960391
5,6,976775
5,7,976775
5,8,976775
5,9,976775
5,10,976775
5,11,976775
6,1,976775
6,2,976775
6,3,976775
6,4,976775
6,5,1042311
6,6,1042311
6,7,1042311
6,8,1042311
6,9,1042311
6,10,1044359
6,11,1044358
7,1,976775
7,2,976775
7,3,976775
7,4,976774
7,5,976774
7,6,976774
7,7,976774
7,8,976774
7,9,976774
7,10,976774
7,11,976774
8,1,976775
8,2,976775
8,3,976775
8,4,960391
8,5,960391
8,6,1025927
8,7,1025927
8,8,1025927
8,9,1025927
8,10,1025927
8,11,1025927
9,1,976775
9,2,976775
9,3,976775
9,4,976775
9,5,976775
9,6,976775
9,7,976775
9,8,976775
9,9,976775
9,10,976775
9,11,976775
10,1,976775
10,2,976775
10,3,976774
10,4,452486
10,5,452486
10,6,452486
10,7,452486
10,8,452486
10,9,419718
10,10,419718
10,11,419718
1,1,978831
1,2,978831
1,3,978829
1,4,978829
1,5,978829
1,6,1044365
1,7,1044365
1,8,1044365
1,9,1044365
1,10,1044365
1,11,1044365
2,1,978831
2,2,978831
2,3,978831
2,4,978831
2,5,976783
2,6,976783
2,7,976783
2,8,976527
2,9,976527
2,10,976527
2,11,976527
3,1,978831
3,2,978831
3,3,978823
3,4,978823
3,5,962439
3,6,962439
3,7,962439
3,8,962439
3,9,438151
3,10,438151
3,11,438151
4,1,978831
4,2,978831
4,3,1044367
4,4,1044367
4,5,1044367
4,6,1044359
4,7,1044359
4,8,1044359
4,9,1044359
4,10,1044359
4,11,1044359
5,1,978831
5,2,978829
5,3,978829
5,4,978829
5,5,978829
5,6,978829
5,7,978821
5,8,1044357
5,9,1044357
5,10,1044357
5,11,1044357
6,1,978831
6,2,978831
6,3,978831
6,4,978831
6,5,978831
6,6,978831
6,7,978831
6,8,978831
6,9,978831
6,10,978831
6,11,978831
7,1,978831
7,2,978831
7,3,978831
7,4,978831
7,5,978831
7,6,978831
7,7,978831
7,8,978831
7,9,978831
7,10,978831
7,11,978831
8,1,978831
8,2,978831
8,3,1044367
8,4,1044367
8,5,1044367
8,6,1044367
8,7,1044367
8,8,1027983
8,9,1027983
8,10,1027983
8,11,1027983
9,1,978831
9,2,978831
9,3,978831
9,4,978831
9,5,978823
9,6,978823
9,7,978823
9,8,978823
9,9,978823
9,10,978823
9,11,978823
10,1,978831
10,2,978831
10,3,978831
10,4,978831
10,5,978831
10,6,978831
10,7,962447
10,8,962447
10,9,962447
10,10,962447
10,11,962447
1,1,995207
1,2,995207
1,3,995207
1,4,995207
1,5,995207
1,6,995207
1,7,995207
1,8,733063
1,9,733063
1,10,733063
1,11,995207
2,1,995207
2,2,995207
2,3,995207
2,4,993159
2,5,1025927
2,6,1025926
2,7,1025926
2,8,1025926
2,9,1025926
2,10,1025926
2,11,1025926
3,1,995207
3,2,995207
3,3,995207
3,4,1011591
3,5,1011591
3,6,487303
3,7,487303
3,8,487303
3,9,487303
3,10,470919
3,11,470919
4,1,995207
4,2,995207
4,3,995207
4,4,995207
4,5,995207
4,6,995207
4,7,995207
4,8,995207
4,9,470919
4,10,470919
4,11,470919
5,1,995207
5,2,995207
5,3,995207
5,4,995207
5,5,995207
5,6,995207
5,7,995207
5,8,995207
5,9,995207
5,10,995207
5,11,995207
6,1,995207
6,2,995207
6,3,995207
6,4,995207
6,5,995207
6,6,995207
6,7,995206
6,8,1027974
6,9,1027974
6,10,1027990
6,11,1027990
7,1,995207
7,2,995207
7,3,995207
7,4,995207
7,5,995207
7,6,999303
7,7,999303
7,8,999303
7,9,999302
7,10,999302
7,11,999302
8,1,995207
8,2,994183
8,3,994183
8,4,994183
8,5,994183
8,6,994183
8,7,994179
8,8,994179
8,9,994178
8,10,994178
8,11,1026946
9,1,995207
9,2,995207
9,3,470919
9,4,470919
9,5,470919
9,6,470919
9,7,339847
9,8,339847
9,9,339719
9,10,339719
9,11,470791
10,1,995207
10,2,995207
10,3,995207
10,4,995207
10,5,995207
10,6,995207
10,7,993159
10,8,993159
10,9,993159
10,10,993159
10,11,993159
1,1,1011200
1,2,1011232
1,3,1015328
1,4,1015392
1,5,1015392
1,6,1015392
1,7,1015328
1,8,1015296
1,9,1014272
1,10,1014272
1,11,1014272
2,1,1011200
2,2,1011200
2,3,1011200
2,4,994816
2,5,994816
2,6,994816
2,7,994816
2,8,470528
2,9,470528
2,10,470528
2,11,470656
3,1,1011200
3,2,1011200
3,3,1011200
3,4,1011200
3,5,994816
3,6,994816
3,7,994816
3,8,994816
3,9,994816
3,10,1027584
3,11,1027585
4,1,1011200
4,2,1011200
4,3,1011200
4,4,1011200
4,5,1011200
4,6,1011200
4,7,1009152
4,8,1009152
4,9,1009152
4,10,1009152
4,11,1009152
5,1,1011200
5,2,1011200
5,3,1011200
5,4,1011200
5,5,1011200
5,6,1011200
5,7,1011200
5,8,1043968
5,9,1043968
5,10,1043968
5,11,1043968
6,1,1011200
6,2,1011200
6,3,1011200
6,4,1011328
6,5,1011328
6,6,1044096
6,7,1044096
6,8,1044096
6,9,1042048
6,10,1042048
6,11,1042048
7,1,1011200
7,2,1011200
7,3,1011202
7,4,1011202
7,5,1011202
7,6,1011202
7,7,1011202
7,8,994818
7,9,994818
7,10,994818
7,11,994818
8,1,1011200
8,2,1043968
8,3,1043968
8,4,1043968
8,5,781824
8,6,779776
8,7,779776
8,8,781824
8,9,650752
8,10,650752
8,11,650752
9,1,1011200
9,2,1011200
9,3,1011200
9,4,880128
9,5,880128
9,6,880128
9,7,880128
9,8,1011200
9,9,1043968
9,10,1043969
9,11,1043969
10,1,1011200
10,2,1011200
10,3,1011200
10,4,1011200
10,5,1011328
10,6,1011330
10,7,1011334
10,8,1011334
10,9,1011334
10,10,1011334
10,11,945798
1,1,1016322
1,2,1016322
1,3,1016322
1,4,1016322
1,5,1016322
1,6,1016322
1,7,1032706
1,8,1032706
1,9,1032706
1,10,1032706
1,11,1040898
2,1,1016322
2,2,754178
2,3,755202
2,4,755202
2,5,755202
2,6,755202
2,7,755202
2,8,1017346
2,9,1025538
2,10,1025538
2,11,1025538
3,1,1016322
3,2,1016322
3,3,1016578
3,4,1016578
3,5,1016706
3,6,1024898
3,7,1024898
3,8,1024898
3,9,1024898
3,10,1024898
3,11,1024898
4,1,1016322
4,2,1016322
4,3,1016322
4,4,1016322
4,5,1016322
4,6,1016322
4,7,1016322
4,8,1017346
4,9,1017346
4,10,1017346
4,11,1017346
5,1,1016322
5,2,1016322
5,3,492034
5,4,492034
5,5,492034
5,6,492034
5,7,492034
5,8,492034
5,9,492038
5,10,492038
5,11,492038
6,1,1016322
6,2,1016322
6,3,1024514
6,4,1024514
6,5,1024514
6,6,1024514
6,7,1024514
6,8,1024514
6,9,1024514
6,10,1024514
6,11,1024514
7,1,1016322
7,2,1024514
7,3,1040898
7,4,1040898
7,5,1040898
7,6,1040898
7,7,1040898
7,8,1041922
7,9,517634
7,10,517634
7,11,517634
8,1,1016322
8,2,1016322
8,3,1015810
8,4,1015810
8,5,1016834
8,6,1016834
8,7,1016834
8,8,1016834
8,9,1016832
8,10,1016832
8,11,1016832
9,1,1016322
9,2,1016322
9,3,1016322
9,4,1016322
9,5,1016322
9,6,1016322
9,7,1016322
9,8,1016322
9,9,1016322
9,10,492034
9,11,492034
10,1,1016322
10,2,1016322
10,3,1016322
10,4,1016322
10,5,1016322
10,6,1016322
10,7,1016322
10,8,1016322
10,9,1016322
10,10,754178
10,11,754178
1,1,1016832
1,2,1016832
1,3,1016832
1,4,1017344
1,5,1017344
1,6,1017344
1,7,886272
1,8,886272
1,9,886272
1,10,886272
1,11,886272
2,1,1016832
2,2,1016832
2,3,1016832
2,4,1016832
2,5,1016832
2,6,1016832
2,7,1016832
2,8,1016832
2,9,1017344
2,10,1017344
2,11,1017344
3,1,1016832
3,2,1016832
3,3,1016832
3,4,1016832
3,5,1016832
3,6,1016832
3,7,1016832
3,8,492544
3,9,492544
3,10,492544
3,11,492544
4,1,1016832
4,2,1016832
4,3,1016832
4,4,1016832
4,5,492544
4,6,492544
4,7,492544
4,8,492544
4,9,427008
4,10,427008
4,11,427008
5,1,1016832
5,2,1016832
5,3,1016832
5,4,1016832
5,5,1016832
5,6,1016832
5,7,1016832
5,8,1016832
5,9,1016832
5,10,1016832
5,11,1016832
6,1,1016832
6,2,1016832
6,3,1016832
6,4,1016832
6,5,1016832
6,6,1016832
6,7,1017344
6,8,1017344
6,9,1017344
6,10,1017344
6,11,1017344
7,1,1016832
7,2,1016832
7,3,1016832
7,4,1016832
7,5,1016832
7,6,1017344
7,7,1017344
7,8,1025536
7,9,1025536
7,10,1025536
7,11,1025536
8,1,1016832
8,2,1016832
8,3,1016832
8,4,1016832
8,5,1016832
8,6,1016832
8,7,1016832
8,8,1016832
8,9,1016834
8,10,1016834
8,11,492546
9,1,1016832
9,2,1016832
9,3,1018880
9,4,1018880
9,5,1018880
9,6,1018880
9,7,1018880
9,8,1018880
9,9,1018880
9,10,1018880
9,11,1018880
10,1,1016832
10,2,1016832
10,3,1016832
10,4,1016832
10,5,1016832
10,6,1016832
10,7,1016832
10,8,1016832
10,9,1016832
10,10,1016832
10,11,1016832
1,1,1016833
1,2,492545
1,3,492545
1,4,361473
1,5,361473
1,6,361473
1,7,361473
1,8,361985
1,9,361985
1,10,361985
1,11,361985
2,1,1016833
2,2,1017345
2,3,1017345
2,4,1017345
2,5,1017344
2,6,1017344
2,7,1017344
2,8,1017348
2,9,1017348
2,10,1017348
2,11,1017348
3,1,1016833
3,2,1016835
3,3,1016833
3,4,1016833
3,5,1016833
3,6,1016833
3,7,1016833
3,8,1017345
3,9,1017345
3,10,1017344
3,11,1017344
4,1,1016833
4,2,1016833
4,3,1016833
4,4,1016835
4,5,1016835
4,6,1016835
4,7,1016835
4,8,1025027
4,9,1025027
4,10,1025026
4,11,1025026
5,1,1016833
5,2,1016833
5,3,1016835
5,4,1016835
5,5,1016835
5,6,1016835
5,7,1016833
5,8,1016835
5,9,1016835
5,10,1016835
5,11,1025027
6,1,1016833
6,2,984065
6,3,459777
6,4,459777
6,5,459777
6,6,459777
6,7,459785
6,8,459785
6,9,459785
6,10,459785
6,11,459785
7,1,1016833
7,2,1016833
7,3,1016833
7,4,1016835
7,5,1016835
7,6,1016835
7,7,1016835
7,8,1016835
7,9,1016835
7,10,1016835
7,11,1015811
8,1,1016833
8,2,1016833
8,3,1016833
8,4,1017345
8,5,1017345
8,6,1017344
8,7,1017600
8,8,1017600
8,9,1017602
8,10,1017602
8,11,1017346
9,1,1016833
9,2,1016833
9,3,1016833
9,4,1016833
9,5,1016837
9,6,1016833
9,7,1016833
9,8,1016833
9,9,1016833
9,10,1016833
9,11,1016833
10,1,1016833
10,2,1016833
10,3,1016833
10,4,1016833
10,5,1016833
10,6,1016833
10,7,1016833
10,8,1016833
10,9,1016833
10,10,1016833
10,11,1016833
1,1,1016839
1,2,1016839
1,3,1016839
1,4,1016838
1,5,1033222
1,6,1033222
1,7,1016838
1,8,1016838
1,9,1016838
1,10,1016838
1,11,1016838
2,1,1016839
2,2,1016839
2,3,1016839
2,4,1016839
2,5,1016839
2,6,1016839
2,7,1016839
2,8,1015815
2,9,1015815
2,10,1015814
2,11,1016326
3,1,1016839
3,2,492551
3,3,492551
3,4,492551
3,5,492551
3,6,492551
3,7,508935
3,8,508935
3,9,508935
3,10,377863
3,11,115719
4,1,1016839
4,2,1016839
4,3,1016839
4,4,1020935
4,5,1020935
4,6,496647
4,7,496646
4,8,496646
4,9,496646
4,10,496646
4,11,496646
5,1,1016839
5,2,951303
5,3,951303
5,4,918535
5,5,918535
5,6,918599
5,7,926791
5,8,926791
5,9,926791
5,10,926791
5,11,918599
6,1,1016839
6,2,1017351
6,3,1017350
6,4,1017350
6,5,1017350
6,6,1017350
6,7,755206
6,8,755206
6,9,755334
6,10,755334
6,11,755590
7,1,1016839
7,2,1016839
7,3,1016839
7,4,1016839
7,5,1016839
7,6,1016839
7,7,1016839
7,8,1016967
7,9,1017223
7,10,1017223
7,11,1017223
8,1,1016839
8,2,1033223
8,3,1033223
8,4,1033223
8,5,1033223
8,6,1033223
8,7,1033223
8,8,1033223
8,9,1033223
8,10,1033223
8,11,1033223
9,1,1016839
9,2,1016839
9,3,1016839
9,4,1016839
9,5,1016839
9,6,1016839
9,7,1016839
9,8,1016839
9,9,1016839
9,10,1016839
9,11,1016839
10,1,1016839
10,2,1016839
10,3,1025031
10,4,893959
10,5,893959
10,6,893959
10,7,893959
10,8,896007
10,9,896007
10,10,896007
10,11,863239
1,1,1017346
1,2,1017346
1,3,1017346
1,4,1017346
1,5,1017346
1,6,1017346
1,7,1017350
1,8,1017350
1,9,1017350
1,10,1017350
1,11,1017350
2,1,1017346
2,2,1017346
2,3,1017346
2,4,1017350
2,5,1017350
2,6,1017350
2,7,1017350
2,8,1017350
2,9,1017350
2,10,1017350
2,11,886278
3,1,1017346
3,2,1017346
3,3,1017346
3,4,1017346
3,5,1017344
3,6,1017344
3,7,1017344
3,8,1017344
3,9,1017344
3,10,1017344
3,11,1017346
4,1,1017346
4,2,1017346
4,3,1017346
4,4,1017346
4,5,1017346
4,6,1017346
4,7,1017346
4,8,1017346
4,9,1017346
4,10,1017346
4,11,1017350
5,1,1017346
5,2,493058
5,3,493058
5,4,493058
5,5,493056
5,6,493056
5,7,493056
5,8,493056
5,9,361984
5,10,361984
5,11,361984
6,1,1017346
6,2,1017346
6,3,1017346
6,4,1025538
6,5,1025538
6,6,1025538
6,7,1025538
6,8,1025538
6,9,1017346
6,10,1017346
6,11,1017346
7,1,1017346
7,2,1017346
7,3,1017347
7,4,1017347
7,5,1017347
7,6,1017346
7,7,1017350
7,8,1017350
7,9,1017350
7,10,1017350
7,11,1017350
8,1,1017346
8,2,1017346
8,3,1017346
8,4,1017346
8,5,1017346
8,6,1017346
8,7,1017346
8,8,1017346
8,9,1017346
8,10,1017346
8,11,1017602
9,1,1017346
9,2,1017346
9,3,1025538
9,4,1025538
9,5,1025538
9,6,1025538
9,7,1025538
9,8,1025538
9,9,1025538
9,10,1025538
9,11,1025538
10,1,1017346
10,2,755202
10,3,755202
10,4,755202
10,5,755202
10,6,755202
10,7,755202
10,8,755200
10,9,755200
10,10,755200
10,11,755200
1,1,1017478
1,2,1017478
1,3,1017478
1,4,1017478
1,5,1017478
1,6,1017478
1,7,1017478
1,8,755334
1,9,755590
1,10,755590
1,11,755590
2,1,1017478
2,2,1017478
2,3,1017478
2,4,1017734
2,5,1017734
2,6,1017734
2,7,1017734
2,8,1017734
2,9,1017734
2,10,1017734
2,11,1017734
3,1,1017478
3,2,1017478
3,3,1017478
3,4,1017478
3,5,1017542
3,6,1017542
3,7,1017542
3,8,1017542
3,9,1017542
3,10,886470
3,11,886470
4,1,1017478
4,2,1017478
4,3,1017478
4,4,1017478
4,5,1017478
4,6,1017476
4,7,1017476
4,8,1017476
4,9,1017476
4,10,1017476
4,11,1033860
5,1,1017478
5,2,1017478
5,3,1017478
5,4,1017478
5,5,1017478
5,6,1025670
5,7,1025670
5,8,1025670
5,9,1025670
5,10,1025670
5,11,1025670
6,1,1017478
6,2,1017478
6,3,1017478
6,4,1025670
6,5,1025926
6,6,1025926
6,7,1025926
6,8,1025926
6,9,1025926
6,10,1025926
6,11,1025926
7,1,1017478
7,2,1017478
7,3,1017478
7,4,1017478
7,5,1017478
7,6,1017478
7,7,1017478
7,8,1017350
7,9,1017350
7,10,1019398
7,11,1019398
8,1,1017478
8,2,1017478
8,3,1017478
8,4,1017478
8,5,1017478
8,6,1017478
8,7,1017734
8,8,1017734
8,9,1017734
8,10,1017734
8,11,1017734
9,1,1017478
9,2,1017478
9,3,1017478
9,4,1017478
9,5,1017478
9,6,1017478
9,7,1017478
9,8,1017734
9,9,1017734
9,10,1017734
9,11,1017734
10,1,1017478
10,2,1017478
10,3,1017478
10,4,1025670
10,5,1025670
10,6,1025670
10,7,1025670
10,8,1025670
10,9,1025670
10,10,1025670
10,11,1025670
1,1,1017606
1,2,1017606
1,3,886534
1,4,886534
1,5,886534
1,6,886534
1,7,886278
1,8,886278
1,9,886278
1,10,361990
1,11,361990
2,1,1017606
2,2,1017606
2,3,1016582
2,4,1016326
2,5,1016326
2,6,1016326
2,7,1016326
2,8,1016326
2,9,1016326
2,10,1016326
2,11,1016454
3,1,1017606
3,2,1017606
3,3,1017606
3,4,1017606
3,5,1017606
3,6,1017734
3,7,1017734
3,8,1017734
3,9,755590
3,10,755590
3,11,755590
4,1,1017606
4,2,1017606
4,3,1017606
4,4,1017606
4,5,1017606
4,6,1017606
4,7,1017606
4,8,1017606
4,9,1017606
4,10,1017606
4,11,1017606
5,1,1017606
5,2,1017734
5,3,1017734
5,4,1017734
5,5,1017734
5,6,1017734
5,7,1017734
5,8,1017734
5,9,1017734
5,10,1017734
5,11,1017734
6,1,1017606
6,2,1017606
6,3,886534
6,4,886534
6,5,886534
6,6,886662
6,7,886662
6,8,1017734
6,9,1017734
6,10,1017734
6,11,493446
7,1,1017606
7,2,1017606
7,3,1017606
7,4,1017606
7,5,1017606
7,6,1017606
7,7,1017606
7,8,1017606
7,9,1017606
7,10,1033990
7,11,1033990
8,1,1017606
8,2,1017606
8,3,1017606
8,4,1017606
8,5,1017606
8,6,1017606
8,7,1017606
8,8,1017606
8,9,1017606
8,10,1017606
8,11,1017606
9,1,1017606
9,2,1017606
9,3,1017606
9,4,1017606
9,5,1017606
9,6,1017606
9,7,1017606
9,8,1017606
9,9,1019654
9,10,1019654
9,11,1019398
10,1,1017606
10,2,1017606
10,3,1017606
10,4,1017606
10,5,1017606
10,6,1017094
10,7,1017094
10,8,1017094
10,9,1017094
10,10,1017094
10,11,1017094
1,1,1017730
1,2,1025922
1,3,1025922
1,4,1025922
1,5,1025922
1,6,501634
1,7,501634
1,8,501634
1,9,501634
1,10,501634
1,11,501634
2,1,1017730
2,2,1017730
2,3,1025922
2,4,1025922
2,5,1025922
2,6,1025922
2,7,1025922
2,8,1025922
2,9,1025922
2,10,1025926
2,11,1025926
3,1,1017730
3,2,1017730
3,3,1017730
3,4,1017730
3,5,1017728
3,6,1017728
3,7,1017728
3,8,1017728
3,9,1017728
3,10,1017728
3,11,1017728
4,1,1017730
4,2,1017730
4,3,1017730
4,4,1017730
4,5,1017730
4,6,1017730
4,7,1017730
4,8,1017730
4,9,1017730
4,10,1017730
4,11,1017730
5,1,1017730
5,2,1017730
5,3,1017730
5,4,1025922
5,5,1025922
5,6,1025922
5,7,1025922
5,8,1025922
5,9,1017730
5,10,1017730
5,11,1017730
6,1,1017730
6,2,1025922
6,3,1025922
6,4,1025794
6,5,1025794
6,6,1025794
6,7,1025794
6,8,1025794
6,9,1017602
6,10,1017602
6,11,1017602
7,1,1017730
7,2,1017734
7,3,1017734
7,4,1017734
7,5,1017734
7,6,1025926
7,7,1025926
7,8,1025926
7,9,501638
7,10,501638
7,11,501638
8,1,1017730
8,2,1017730
8,3,1017730
8,4,1017734
8,5,1017734
8,6,1017734
8,7,1017734
8,8,1017734
8,9,1017734
8,10,1017734
8,11,1017734
9,1,1017730
9,2,1017730
9,3,1017730
9,4,1017730
9,5,1017730
9,6,1017730
9,7,1017730
9,8,1017730
9,9,1025922
9,10,1025922
9,11,1025922
10,1,1017730
10,2,493442
10,3,493442
10,4,362370
10,5,362370
10,6,362370
10,7,362370
10,8,362370
10,9,362370
10,10,362370
10,11,362370
1,1,1017732
1,2,1017732
1,3,1017732
1,4,1017732
1,5,1025924
1,6,1025924
1,7,1025924
1,8,1025924
1,9,1025924
1,10,1025925
1,11,1025925
2,1,1017732
2,2,1017732
2,3,1017732
2,4,1017732
2,5,1017732
2,6,1017732
2,7,1017728
2,8,1017728
2,9,1017728
2,10,1017728
2,11,1017728
3,1,1017732
3,2,1017732
3,3,1017732
3,4,1017732
3,5,1017732
3,6,1017732
3,7,1017732
3,8,1017732
3,9,1017732
3,10,1017728
3,11,1017728
4,1,1017732
4,2,1017728
4,3,1017728
4,4,1017728
4,5,1017728
4,6,1016704
4,7,1016448
4,8,1016448
4,9,1016448
4,10,1016448
4,11,1016448
5,1,1017732
5,2,1017732
5,3,1017732
5,4,1017732
5,5,1017732
5,6,1017732
5,7,1017732
5,8,1017732
5,9,1017732
5,10,1025924
5,11,1025924
6,1,1017732
6,2,1017732
6,3,1017732
6,4,1017732
6,5,1017732
6,6,1017732
6,7,1017734
6,8,1017734
6,9,1017734
6,10,1017734
6,11,1017734
7,1,1017732
7,2,1017732
7,3,1017732
7,4,493444
7,5,493444
7,6,493444
7,7,492420
7,8,361348
7,9,362372
7,10,362372
7,11,362372
8,1,1017732
8,2,1017732
8,3,1017732
8,4,1017732
8,5,1017732
8,6,1025924
8,7,1025924
8,8,1025924
8,9,1027972
8,10,1027972
8,11,1027972
9,1,1017732
9,2,1017732
9,3,1017732
9,4,1017732
9,5,1017732
9,6,1017728
9,7,1017728
9,8,1017728
9,9,1017728
9,10,1017728
9,11,1017728
10,1,1017732
10,2,1017732
10,3,1017732
10,4,1017732
10,5,1017732
10,6,1017732
10,7,1017732
10,8,1017732
10,9,1017732
10,10,1017732
10,11,1017732
1,1,1017734
1,2,1017734
1,3,1017734
1,4,1017734
1,5,1017734
1,6,1034118
1,7,1034118
1,8,1034118
1,9,1042310
1,10,1042310
1,11,1042310
2,1,1017734
2,2,1017734
2,3,493446
2,4,493446
2,5,493446
2,6,493446
2,7,493444
2,8,493444
2,9,493444
2,10,493444
2,11,493444
3,1,1017734
3,2,1017734
3,3,1017734
3,4,1017734
3,5,1017734
3,6,1017734
3,7,1017734
3,8,1017734
3,9,1017734
3,10,1017734
3,11,1017734
4,1,1017734
4,2,1017734
4,3,1017734
4,4,1017734
4,5,1017734
4,6,1017734
4,7,1017734
4,8,1017734
4,9,1017734
4,10,1017734
4,11,1017734
5,1,1017734
5,2,1017734
5,3,1017734
5,4,1017734
5,5,1017734
5,6,1017734
5,7,1017734
5,8,1017734
5,9,1017734
5,10,1017734
5,11,1017732
6,1,1017734
6,2,1017734
6,3,1025926
6,4,1025927
6,5,1025927
6,6,1025927
6,7,1025927
6,8,1025927
6,9,1025927
6,10,1025927
6,11,1025927
7,1,1017734
7,2,1034118
7,3,1034118
7,4,1034118
7,5,1034118
7,6,1034118
7,7,1034118
7,8,1034118
7,9,1034118
7,10,903046
7,11,903046
8,1,1017734
8,2,1017734
8,3,1017734
8,4,1017734
8,5,1017734
8,6,1017734
8,7,1017734
8,8,1017734
8,9,1017734
8,10,886662
8,11,886662
9,1,1017734
9,2,1017734
9,3,1017734
9,4,1017734
9,5,1017734
9,6,1017734
9,7,1017734
9,8,1017734
9,9,1017735
9,10,1017735
9,11,1017735
10,1,1017734
10,2,1017734
10,3,1017734
10,4,1017734
10,5,1017734
10,6,1017734
10,7,1017734
10,8,1017734
10,9,1017734
10,10,1017734
10,11,1017734
