simulation,timestep,config_id
1,1,0
1,2,0
1,3,0
1,4,262144
1,5,262144
1,6,262144
1,7,262144
1,8,262144
1,9,262144
1,10,262144
1,11,262144
2,1,0
2,2,0
2,3,0
2,4,0
2,5,0
2,6,0
2,7,0
2,8,0
2,9,0
2,10,0
2,11,0
3,1,0
3,2,0
3,3,262144
3,4,262144
3,5,262144
3,6,262144
3,7,262144
3,8,262144
3,9,262144
3,10,262144
3,11,262144
4,1,0
4,2,0
4,3,0
4,4,262144
4,5,262208
4,6,262208
4,7,262208
4,8,262208
4,9,262208
4,10,262208
4,11,262208
5,1,0
5,2,0
5,3,0
5,4,0
5,5,0
5,6,0
5,7,0
5,8,0
5,9,0
5,10,0
5,11,0
6,1,0
6,2,0
6,3,16384
6,4,16384
6,5,16384
6,6,16384
6,7,16384
6,8,16384
6,9,16384
6,10,16384
6,11,16384
7,1,0
7,2,0
7,3,16384
7,4,0
7,5,16384
7,6,16384
7,7,16384
7,8,16384
7,9,16384
7,10,16384
7,11,16384
8,1,0
8,2,0
8,3,0
8,4,0
8,5,0
8,6,0
8,7,0
8,8,0
8,9,0
8,10,0
8,11,262144
9,1,0
9,2,0
9,3,65536
9,4,65536
9,5,65536
9,6,65536
9,7,81920
9,8,81920
9,9,114688
9,10,114688
9,11,114688
10,1,0
10,2,0
10,3,512
10,4,512
10,5,512
10,6,33280
10,7,49664
10,8,49664
10,9,49664
10,10,49664
10,11,49664
1,1,33792
1,2,295936
1,3,295944
1,4,295944
1,5,295944
1,6,295936
1,7,296448
1,8,427520
1,9,427520
1,10,427520
1,11,427520
2,1,33792
2,2,33792
2,3,34304
2,4,1536
2,5,1536
2,6,1024
2,7,525312
2,8,525312
2,9,525312
2,10,525312
2,11,525312
3,1,33792
3,2,33792
3,3,33792
3,4,33792
3,5,99328
3,6,99328
3,7,99840
3,8,361984
3,9,99840
3,10,361984
3,11,361984
4,1,33792
4,2,33792
4,3,558080
4,4,558080
4,5,558080
4,6,558080
4,7,558592
4,8,558592
4,9,558080
4,10,558080
4,11,558080
5,1,33792
5,2,33792
5,3,33792
5,4,33792
5,5,558080
5,6,558592
5,7,558592
5,8,558592
5,9,558592
5,10,558592
5,11,558592
6,1,33792
6,2,33792
6,3,33792
6,4,33792
6,5,33792
6,6,33792
6,7,33792
6,8,34304
6,9,1536
6,10,1024
6,11,1024
7,1,33792
7,2,33792
7,3,33792
7,4,34304
7,5,34304
7,6,34304
7,7,34304
7,8,33280
7,9,33280
7,10,33280
7,11,33280
8,1,33792
8,2,33792
8,3,33792
8,4,33792
8,5,33792
8,6,99328
8,7,99328
8,8,99328
8,9,623616
8,10,623632
8,11,623632
9,1,33792
9,2,32768
9,3,98304
9,4,98304
9,5,98304
9,6,98304
9,7,98304
9,8,98304
9,9,98304
9,10,98304
9,11,98304
10,1,33792
10,2,33792
10,3,33792
10,4,33792
10,5,33792
10,6,33792
10,7,33792
10,8,33794
10,9,33794
10,10,34306
10,11,34306
1,1,76672
1,2,76672
1,3,76672
1,4,80768
1,5,80768
1,6,80768
1,7,80768
1,8,80768
1,9,80768
1,10,80768
1,11,80768
2,1,76672
2,2,76672
2,3,74624
2,4,74624
2,5,74624
2,6,74624
2,7,75648
2,8,75648
2,9,75648
2,10,77696
2,11,77696
3,1,76672
3,2,76672
3,3,76672
3,4,76672
3,5,74624
3,6,74624
3,7,74624
3,8,74624
3,9,74624
3,10,74624
3,11,74624
4,1,76672
4,2,77696
4,3,77697
4,4,77697
4,5,77697
4,6,77696
4,7,77696
4,8,77696
4,9,69504
4,10,69504
4,11,200576
5,1,76672
5,2,338816
5,3,355200
5,4,355200
5,5,347008
5,6,347008
5,7,347008
5,8,344960
5,9,344960
5,10,344960
5,11,377728
6,1,76672
6,2,77696
6,3,77696
6,4,77696
6,5,77696
6,6,77696
6,7,77696
6,8,77696
6,9,69504
6,10,69504
6,11,69504
7,1,76672
7,2,76672
7,3,76672
7,4,600960
7,5,605056
7,6,606080
7,7,606080
7,8,606082
7,9,606082
7,10,606082
7,11,606082
8,1,76672
8,2,76672
8,3,76672
8,4,76672
8,5,93056
8,6,93056
8,7,93056
8,8,125824
8,9,125824
8,10,125824
8,11,125824
9,1,76672
9,2,76672
9,3,77696
9,4,77696
9,5,77696
9,6,77696
9,7,77696
9,8,77696
9,9,12160
9,10,10112
9,11,10112
10,1,76672
10,2,76544
10,3,74496
10,4,74496
10,5,74496
10,6,66304
10,7,66304
10,8,66304
10,9,66304
10,10,66304
10,11,66304
1,1,99840
1,2,99840
1,3,116224
1,4,116224
1,5,124416
1,6,124416
1,7,124416
1,8,124416
1,9,124416
1,10,124416
1,11,126464
2,1,99840
2,2,99840
2,3,99840
2,4,99840
2,5,99840
2,6,99840
2,7,99840
2,8,99840
2,9,99840
2,10,99840
2,11,99840
3,1,99840
3,2,99840
3,3,361984
3,4,361984
3,5,361984
3,6,361984
3,7,361984
3,8,361984
3,9,361984
3,10,361984
3,11,361984
4,1,99840
4,2,99840
4,3,99840
4,4,99840
4,5,99840
4,6,99840
4,7,99840
4,8,101888
4,9,101888
4,10,101888
4,11,101888
5,1,99840
5,2,99840
5,3,99840
5,4,99840
5,5,361984
5,6,361984
5,7,361984
5,8,361984
5,9,361984
5,10,361984
5,11,361984
6,1,99840
6,2,99840
6,3,99840
6,4,99840
6,5,99841
6,6,99841
6,7,99841
6,8,99841
6,9,99841
6,10,361985
6,11,886273
7,1,99840
7,2,99840
7,3,99840
7,4,361984
7,5,361984
7,6,364032
7,7,364032
7,8,364032
7,9,372224
7,10,372224
7,11,372224
8,1,99840
8,2,99840
8,3,99840
8,4,99842
8,5,99842
8,6,99842
8,7,99846
8,8,624134
8,9,624134
8,10,624134
8,11,632326
9,1,99840
9,2,99840
9,3,99840
9,4,99840
9,5,99840
9,6,99842
9,7,99842
9,8,99842
9,9,99842
9,10,99846
9,11,361990
10,1,99840
10,2,99840
10,3,99840
10,4,99840
10,5,99840
10,6,99840
10,7,99840
10,8,99328
10,9,99840
10,10,361984
10,11,361984
1,1,100224
1,2,100224
1,3,100224
1,4,100224
1,5,100224
1,6,100228
1,7,100228
1,8,100230
1,9,362374
1,10,362374
1,11,362374
2,1,100224
2,2,100224
2,3,100224
2,4,100224
2,5,100224
2,6,100224
2,7,100224
2,8,100224
2,9,100224
2,10,100224
2,11,100224
3,1,100224
3,2,100224
3,3,100224
3,4,100224
3,5,100224
3,6,100224
3,7,100224
3,8,100224
3,9,362368
3,10,362368
3,11,362368
4,1,100224
4,2,362368
4,3,362368
4,4,886656
4,5,886656
4,6,886656
4,7,886656
4,8,886656
4,9,894848
4,10,1025920
4,11,1025920
5,1,100224
5,2,100224
5,3,108416
5,4,108416
5,5,108416
5,6,108416
5,7,110464
5,8,110464
5,9,110464
5,10,110464
5,11,634752
6,1,100224
6,2,100224
6,3,100224
6,4,99200
6,5,99200
6,6,99200
6,7,99200
6,8,99200
6,9,99200
6,10,99200
6,11,99200
7,1,100224
7,2,100224
7,3,100224
7,4,624512
7,5,624512
7,6,624512
7,7,624512
7,8,624512
7,9,624512
7,10,624512
7,11,624512
8,1,100224
8,2,100224
8,3,100224
8,4,100224
8,5,100224
8,6,100224
8,7,100224
8,8,108416
8,9,108416
8,10,108416
8,11,632704
9,1,100224
9,2,108416
9,3,108416
9,4,108416
9,5,100224
9,6,362368
9,7,493440
9,8,493440
9,9,493440
9,10,493440
9,11,493440
10,1,100224
10,2,100224
10,3,100224
10,4,100224
10,5,100224
10,6,100224
10,7,362368
10,8,362368
10,9,362368
10,10,362368
10,11,362368
1,1,100225
1,2,100225
1,3,102273
1,4,102273
1,5,102273
1,6,102273
1,7,100225
1,8,100225
1,9,100225
1,10,100224
1,11,100224
2,1,100225
2,2,108417
2,3,108417
2,4,108417
2,5,108417
2,6,124801
2,7,124801
2,8,124801
2,9,124801
2,10,124801
2,11,124801
3,1,100225
3,2,100225
3,3,100225
3,4,100225
3,5,100225
3,6,100225
3,7,100225
3,8,100225
3,9,100225
3,10,100225
3,11,100225
4,1,100225
4,2,100225
4,3,624513
4,4,755585
4,5,755587
4,6,755587
4,7,755587
4,8,755591
4,9,755591
4,10,755591
4,11,757639
5,1,100225
5,2,100225
5,3,100225
5,4,100225
5,5,100225
5,6,100225
5,7,108417
5,8,108417
5,9,108417
5,10,108417
5,11,108416
6,1,100225
6,2,100225
6,3,100225
6,4,100225
6,5,100224
6,6,100224
6,7,100224
6,8,100224
6,9,100224
6,10,108416
6,11,108416
7,1,100225
7,2,100225
7,3,100225
7,4,100225
7,5,99201
7,6,361345
7,7,361345
7,8,361345
7,9,361345
7,10,361345
7,11,361345
8,1,100225
8,2,100225
8,3,100225
8,4,362369
8,5,362369
8,6,362369
8,7,362369
8,8,362369
8,9,362369
8,10,362369
8,11,362369
9,1,100225
9,2,100225
9,3,100227
9,4,100227
9,5,100227
9,6,100227
9,7,100099
9,8,100227
9,9,100227
9,10,100231
9,11,100231
10,1,100225
10,2,100225
10,3,100225
10,4,362369
10,5,362369
10,6,362369
10,7,362369
10,8,362369
10,9,362368
10,10,362368
10,11,362370
1,1,100226
1,2,100230
1,3,100230
1,4,624518
1,5,624518
1,6,624518
1,7,624518
1,8,624518
1,9,624518
1,10,624518
1,11,624518
2,1,100226
2,2,100226
2,3,100226
2,4,100226
2,5,100226
2,6,362370
2,7,362370
2,8,362370
2,9,362370
2,10,362370
2,11,362370
3,1,100226
3,2,100226
3,3,100226
3,4,100226
3,5,100226
3,6,100226
3,7,100226
3,8,100226
3,9,100226
3,10,100226
3,11,100226
4,1,100226
4,2,100226
4,3,100226
4,4,100226
4,5,100226
4,6,362370
4,7,886658
4,8,886658
4,9,886658
4,10,362370
4,11,362370
5,1,100226
5,2,100226
5,3,100226
5,4,362370
5,5,362370
5,6,329602
5,7,329602
5,8,67458
5,9,67458
5,10,71554
5,11,71558
6,1,100226
6,2,100226
6,3,100226
6,4,100226
6,5,100226
6,6,100226
6,7,100226
6,8,100226
6,9,100226
6,10,100226
6,11,362370
7,1,100226
7,2,100226
7,3,100226
7,4,100226
7,5,100098
7,6,100098
7,7,100098
7,8,100098
7,9,100098
7,10,100098
7,11,100098
8,1,100226
8,2,100226
8,3,100226
8,4,624514
8,5,624514
8,6,624514
8,7,624514
8,8,624514
8,9,624514
8,10,624514
8,11,624514
9,1,100226
9,2,100226
9,3,362370
9,4,362374
9,5,362374
9,6,362374
9,7,362374
9,8,362374
9,9,362374
9,10,362374
9,11,362374
10,1,100226
10,2,100226
10,3,100226
10,4,100226
10,5,100224
10,6,100224
10,7,100224
10,8,100096
10,9,100096
10,10,100096
10,11,100096
1,1,100230
1,2,108422
1,3,124806
1,4,124806
1,5,386950
1,6,388998
1,7,388998
1,8,388998
1,9,388998
1,10,388998
1,11,388998
2,1,100230
2,2,100230
2,3,100230
2,4,624518
2,5,624518
2,6,624518
2,7,624518
2,8,624518
2,9,624518
2,10,624262
2,11,624262
3,1,100230
3,2,108422
3,3,100230
3,4,100230
3,5,100230
3,6,100230
3,7,100230
3,8,100230
3,9,100230
3,10,100228
3,11,100228
4,1,100230
4,2,100230
4,3,624518
4,4,624518
4,5,624518
4,6,624518
4,7,624518
4,8,624518
4,9,626566
4,10,102278
4,11,102278
5,1,100230
5,2,100230
5,3,100230
5,4,100230
5,5,100230
5,6,100230
5,7,624518
5,8,624518
5,9,624518
5,10,624518
5,11,624518
6,1,100230
6,2,100230
6,3,100230
6,4,100230
6,5,100226
6,6,100226
6,7,100226
6,8,100226
6,9,362370
6,10,362370
6,11,362370
7,1,100230
7,2,100230
7,3,362374
7,4,362374
7,5,362374
7,6,493446
7,7,362374
7,8,362374
7,9,362374
7,10,362374
7,11,362374
8,1,100230
8,2,100230
8,3,100230
8,4,100230
8,5,100230
8,6,362374
8,7,362374
8,8,493446
8,9,493446
8,10,493446
8,11,493446
9,1,100230
9,2,100230
9,3,100230
9,4,100230
9,5,100230
9,6,100230
9,7,100230
9,8,100230
9,9,100230
9,10,100230
9,11,100230
10,1,100230
10,2,100230
10,3,100230
10,4,100230
10,5,100230
10,6,100230
10,7,100230
10,8,100230
10,9,100230
10,10,100230
10,11,100230
1,1,108416
1,2,108416
1,3,632704
1,4,632704
1,5,632704
1,6,632704
1,7,632704
1,8,632704
1,9,632704
1,10,632704
1,11,632704
2,1,108416
2,2,370560
2,3,370560
2,4,370560
2,5,370560
2,6,362368
2,7,362368
2,8,493440
2,9,493440
2,10,493440
2,11,493440
3,1,108416
3,2,108416
3,3,124800
3,4,124802
3,5,124802
3,6,124802
3,7,124802
3,8,124802
3,9,124802
3,10,108418
3,11,370562
4,1,108416
4,2,108416
4,3,108416
4,4,108416
4,5,108416
4,6,108416
4,7,370560
4,8,501632
4,9,501632
4,10,501632
4,11,501632
5,1,108416
5,2,108416
5,3,108416
5,4,108416
5,5,108416
5,6,108418
5,7,108418
5,8,108418
5,9,370562
5,10,370562
5,11,370562
6,1,108416
6,2,108416
6,3,108416
6,4,110464
6,5,110464
6,6,110464
6,7,110464
6,8,110464
6,9,110464
6,10,110464
6,11,110464
7,1,108416
7,2,108416
7,3,108160
7,4,108160
7,5,108032
7,6,108032
7,7,99840
7,8,99840
7,9,99840
7,10,99840
7,11,98816
8,1,108416
8,2,100224
8,3,100224
8,4,99200
8,5,99200
8,6,99200
8,7,100224
8,8,100224
8,9,100224
8,10,100224
8,11,100224
9,1,108416
9,2,108416
9,3,108418
9,4,108418
9,5,108418
9,6,108418
9,7,108418
9,8,108422
9,9,108422
9,10,108422
9,11,108422
10,1,108416
10,2,108416
10,3,108416
10,4,108416
10,5,100224
10,6,100224
10,7,362368
10,8,362368
10,9,362368
10,10,362368
10,11,362368
1,1,109440
1,2,109440
1,3,109440
1,4,109440
1,5,109440
1,6,109440
1,7,109440
1,8,109441
1,9,109441
1,10,109441
1,11,109441
2,1,109440
2,2,109440
2,3,109440
2,4,109440
2,5,109440
2,6,109440
2,7,109440
2,8,125824
2,9,125824
2,10,125824
2,11,125824
3,1,109440
3,2,109440
3,3,109440
3,4,109184
3,5,109184
3,6,109184
3,7,109184
3,8,109184
3,9,109184
3,10,125568
3,11,125568
4,1,109440
4,2,109440
4,3,109440
4,4,109440
4,5,109440
4,6,109440
4,7,109441
4,8,109441
4,9,109441
4,10,109441
4,11,109441
5,1,109440
5,2,109440
5,3,109440
5,4,109440
5,5,109440
5,6,109442
5,7,125826
5,8,125826
5,9,126850
5,10,126850
5,11,126850
6,1,109440
6,2,109440
6,3,109440
6,4,109440
6,5,109440
6,6,101248
6,7,101248
6,8,101248
6,9,101248
6,10,101248
6,11,101248
7,1,109440
7,2,109440
7,3,109440
7,4,109440
7,5,109440
7,6,109440
7,7,107392
7,8,107392
7,9,107392
7,10,107392
7,11,107392
8,1,109440
8,2,109440
8,3,109440
8,4,109184
8,5,109184
8,6,107136
8,7,98944
8,8,98944
8,9,98944
8,10,98944
8,11,98944
9,1,109440
9,2,109440
9,3,109440
9,4,109440
9,5,125824
9,6,125824
9,7,125824
9,8,125824
9,9,125824
9,10,125824
9,11,125824
10,1,109440
10,2,109440
10,3,109440
10,4,109440
10,5,109440
10,6,240512
10,7,240512
10,8,241536
10,9,241536
10,10,110464
10,11,634752
1,1,110464
1,2,110466
1,3,372610
1,4,372610
1,5,372610
1,6,372611
1,7,503683
1,8,503683
1,9,503687
1,10,503687
1,11,503687
2,1,110464
2,2,110464
2,3,110464
2,4,110464
2,5,110468
2,6,110468
2,7,110470
2,8,110470
2,9,110470
2,10,110470
2,11,110470
3,1,110464
3,2,110464
3,3,241536
3,4,241536
3,5,503680
3,6,503680
3,7,503680
3,8,503680
3,9,501632
3,10,501632
3,11,501632
4,1,110464
4,2,110464
4,3,110464
4,4,110464
4,5,110464
4,6,110464
4,7,110464
4,8,110464
4,9,110464
4,10,110464
4,11,110464
5,1,110464
5,2,110464
5,3,110464
5,4,110464
5,5,102272
5,6,102272
5,7,102272
5,8,102272
5,9,102016
5,10,102016
5,11,102016
6,1,110464
6,2,110464
6,3,110464
6,4,110464
6,5,110466
6,6,110466
6,7,110466
6,8,110466
6,9,110466
6,10,110466
6,11,110466
7,1,110464
7,2,110464
7,3,110464
7,4,110464
7,5,110464
7,6,634752
7,7,634752
7,8,634752
7,9,634752
7,10,634752
7,11,634752
8,1,110464
8,2,110464
8,3,108416
8,4,108416
8,5,108416
8,6,108416
8,7,108416
8,8,108416
8,9,632704
8,10,632704
8,11,632704
9,1,110464
9,2,110464
9,3,110464
9,4,110464
9,5,110464
9,6,634752
9,7,634752
9,8,634754
9,9,634754
9,10,634754
9,11,634758
10,1,110464
10,2,110464
10,3,110464
10,4,110464
10,5,110464
10,6,114560
10,7,114560
10,8,114560
10,9,114560
10,10,114560
10,11,114560
1,1,110470
1,2,110470
1,3,110470
1,4,110470
1,5,110470
1,6,110470
1,7,110470
1,8,110470
1,9,372614
1,10,372614
1,11,372614
2,1,110470
2,2,110470
2,3,102278
2,4,102278
2,5,102274
2,6,102274
2,7,102274
2,8,102274
2,9,102274
2,10,102274
2,11,102018
3,1,110470
3,2,110470
3,3,110470
3,4,110470
3,5,110470
3,6,110470
3,7,110470
3,8,110470
3,9,110470
3,10,110470
3,11,110470
4,1,110470
4,2,110470
4,3,110470
4,4,110470
4,5,110470
4,6,110470
4,7,110470
4,8,110502
4,9,110502
4,10,110502
4,11,110502
5,1,110470
5,2,126854
5,3,126854
5,4,126854
5,5,388998
5,6,388998
5,7,388998
5,8,388998
5,9,388998
5,10,388996
5,11,372612
6,1,110470
6,2,110470
6,3,110470
6,4,110470
6,5,110470
6,6,110470
6,7,634758
6,8,626566
6,9,626566
6,10,626566
6,11,634758
7,1,110470
7,2,102278
7,3,102278
7,4,102150
7,5,102150
7,6,101126
7,7,101126
7,8,101126
7,9,101126
7,10,117510
7,11,117510
8,1,110470
8,2,110470
8,3,110470
8,4,110470
8,5,110470
8,6,110466
8,7,634754
8,8,634754
8,9,634754
8,10,634754
8,11,634754
9,1,110470
9,2,110470
9,3,110470
9,4,110470
9,5,110470
9,6,110470
9,7,110471
9,8,110471
9,9,110471
9,10,110471
9,11,110471
10,1,110470
10,2,110470
10,3,110470
10,4,114566
10,5,114566
10,6,114566
10,7,114566
10,8,114566
10,9,114566
10,10,114566
10,11,114566
1,1,114560
1,2,114560
1,3,114560
1,4,114560
1,5,114560
1,6,114560
1,7,114560
1,8,114560
1,9,110464
1,10,110464
1,11,110464
2,1,114560
2,2,114560
2,3,114560
2,4,110464
2,5,110464
2,6,110464
2,7,110464
2,8,110464
2,9,372608
2,10,372608
2,11,372608
3,1,114560
3,2,114560
3,3,114560
3,4,638848
3,5,638848
3,6,638848
3,7,114560
3,8,114560
3,9,114560
3,10,106368
3,11,106368
4,1,114560
4,2,114562
4,3,114562
4,4,114562
4,5,114562
4,6,114560
4,7,638848
4,8,638848
4,9,638848
4,10,638848
4,11,638848
5,1,114560
5,2,114560
5,3,114560
5,4,114560
5,5,114560
5,6,114560
5,7,114560
5,8,110464
5,9,110464
5,10,110464
5,11,110464
6,1,114560
6,2,114560
6,3,114560
6,4,114560
6,5,110464
6,6,110464
6,7,110464
6,8,110464
6,9,110464
6,10,634752
6,11,634752
7,1,114560
7,2,114560
7,3,638848
7,4,638848
7,5,638848
7,6,638848
7,7,638848
7,8,634752
7,9,634752
7,10,634752
7,11,634496
8,1,114560
8,2,114560
8,3,114560
8,4,114560
8,5,114560
8,6,114560
8,7,114560
8,8,114560
8,9,114560
8,10,114560
8,11,114560
9,1,114560
9,2,114560
9,3,114560
9,4,114560
9,5,114560
9,6,114560
9,7,114560
9,8,114560
9,9,114560
9,10,114560
9,11,110464
10,1,114560
10,2,110464
10,3,110464
10,4,110464
10,5,110468
10,6,110468
10,7,372612
10,8,372612
10,9,372612
10,10,372612
10,11,372612
1,1,114566
1,2,114566
1,3,114566
1,4,114566
1,5,114566
1,6,114566
1,7,114566
1,8,114566
1,9,114566
1,10,114566
1,11,114566
2,1,114566
2,2,114566
2,3,114566
2,4,114566
2,5,114566
2,6,114566
2,7,114566
2,8,114566
2,9,106374
2,10,106374
2,11,237446
3,1,114566
3,2,114566
3,3,114566
3,4,114566
3,5,114566
3,6,114566
3,7,114566
3,8,130950
3,9,130950
3,10,130950
3,11,130950
4,1,114566
4,2,114566
4,3,114566
4,4,114566
4,5,376710
4,6,376710
4,7,372614
4,8,372614
4,9,372615
4,10,372615
4,11,372615
5,1,114566
5,2,114598
5,3,114598
5,4,114598
5,5,114566
5,6,114566
5,7,114566
5,8,114566
5,9,114566
5,10,114566
5,11,114566
6,1,114566
6,2,638854
6,3,634758
6,4,634758
6,5,634758
6,6,634758
6,7,634758
6,8,634758
6,9,634758
6,10,634758
6,11,634758
7,1,114566
7,2,114566
7,3,114566
7,4,114566
7,5,114566
7,6,638854
7,7,638854
7,8,638854
7,9,638855
7,10,638855
7,11,638855
8,1,114566
8,2,114566
8,3,110470
8,4,110470
8,5,110470
8,6,110470
8,7,110470
8,8,110470
8,9,110466
8,10,110466
8,11,110466
9,1,114566
9,2,114566
9,3,106374
9,4,106374
9,5,106374
9,6,106374
9,7,106374
9,8,106374
9,9,106374
9,10,106374
9,11,106374
10,1,114566
10,2,114566
10,3,114574
10,4,114574
10,5,130958
10,6,130958
10,7,130958
10,8,130958
10,9,130958
10,10,130958
10,11,130958
1,1,115332
1,2,115328
1,3,115328
1,4,115328
1,5,114816
1,6,114816
1,7,376960
1,8,376960
1,9,376960
1,10,376960
1,11,376960
2,1,115332
2,2,115332
2,3,115332
2,4,115332
2,5,115332
2,6,123524
2,7,125572
2,8,125572
2,9,125572
2,10,125572
2,11,125572
3,1,115332
3,2,115332
3,3,115332
3,4,115328
3,5,115328
3,6,115328
3,7,115328
3,8,115328
3,9,115584
3,10,115584
3,11,115584
4,1,115332
4,2,115332
4,3,115332
4,4,115332
4,5,115332
4,6,115332
4,7,115332
4,8,115332
4,9,115332
4,10,115332
4,11,115204
5,1,115332
5,2,115204
5,3,98820
5,4,99076
5,5,99072
5,6,99072
5,7,99200
5,8,99200
5,9,99200
5,10,101248
5,11,101248
6,1,115332
6,2,115332
6,3,49796
6,4,49796
6,5,49796
6,6,33412
6,7,33412
6,8,33412
6,9,33412
6,10,33412
6,11,33412
7,1,115332
7,2,115332
7,3,115332
7,4,115332
7,5,115332
7,6,115332
7,7,115332
7,8,115332
7,9,119428
7,10,119428
7,11,119428
8,1,115332
8,2,377476
8,3,377476
8,4,377472
8,5,377472
8,6,377472
8,7,377472
8,8,377472
8,9,377472
8,10,377472
8,11,377472
9,1,115332
9,2,115332
9,3,115204
9,4,115206
9,5,115206
9,6,115206
9,7,115206
9,8,115202
9,9,115202
9,10,115202
9,11,123394
10,1,115332
10,2,115332
10,3,115332
10,4,115332
10,5,115332
10,6,115332
10,7,123524
10,8,123524
10,9,123588
10,10,385732
10,11,385732
1,1,117248
1,2,117248
1,3,117248
1,4,117248
1,5,117248
1,6,117248
1,7,118272
1,8,126464
1,9,126464
1,10,126464
1,11,126464
2,1,117248
2,2,117376
2,3,117376
2,4,118400
2,5,118400
2,6,118400
2,7,118400
2,8,118400
2,9,126592
2,10,126592
2,11,126592
3,1,117248
3,2,117248
3,3,117248
3,4,117248
3,5,117248
3,6,125440
3,7,125440
3,8,125440
3,9,125440
3,10,125440
3,11,125440
4,1,117248
4,2,116736
4,3,116736
4,4,116736
4,5,116736
4,6,116736
4,7,116736
4,8,116736
4,9,116736
4,10,116736
4,11,116736
5,1,117248
5,2,117248
5,3,117248
5,4,117248
5,5,117280
5,6,115232
5,7,115232
5,8,123424
5,9,123424
5,10,123424
5,11,123424
6,1,117248
6,2,117248
6,3,117248
6,4,117248
6,5,118272
6,6,118274
6,7,118274
6,8,116226
6,9,115202
6,10,115202
6,11,115202
7,1,117248
7,2,117248
7,3,117248
7,4,117248
7,5,117248
7,6,117248
7,7,117248
7,8,117248
7,9,117248
7,10,117248
7,11,117248
8,1,117248
8,2,118272
8,3,642560
8,4,118272
8,5,118272
8,6,118272
8,7,116224
8,8,116224
8,9,116224
8,10,378368
8,11,378368
9,1,117248
9,2,100864
9,3,100864
9,4,100864
9,5,100864
9,6,101888
9,7,110080
9,8,110080
9,9,110080
9,10,110080
9,11,110080
10,1,117248
10,2,125440
10,3,125440
10,4,125440
10,5,125440
10,6,125440
10,7,125440
10,8,125440
10,9,125440
10,10,649728
10,11,649728
1,1,118534
1,2,118534
1,3,118534
1,4,118534
1,5,380678
1,6,380678
1,7,380678
1,8,380678
1,9,380678
1,10,380678
1,11,380678
2,1,118534
2,2,118534
2,3,118534
2,4,118534
2,5,118534
2,6,118534
2,7,118534
2,8,118534
2,9,102150
2,10,102150
2,11,102150
3,1,118534
3,2,118534
3,3,118534
3,4,118534
3,5,118534
3,6,118534
3,7,118278
3,8,118278
3,9,118278
3,10,118278
3,11,118274
4,1,118534
4,2,118534
4,3,118534
4,4,118534
4,5,118534
4,6,118534
4,7,118534
4,8,380678
4,9,380678
4,10,380678
4,11,378630
5,1,118534
5,2,126726
5,3,126726
5,4,126726
5,5,126726
5,6,126470
5,7,126470
5,8,126470
5,9,126470
5,10,650758
5,11,650758
6,1,118534
6,2,116486
6,3,116486
6,4,116486
6,5,116486
6,6,116486
6,7,116486
6,8,116486
6,9,116487
6,10,116615
6,11,115591
7,1,118534
7,2,118534
7,3,126726
7,4,126726
7,5,126726
7,6,130822
7,7,130822
7,8,130822
7,9,130822
7,10,130822
7,11,130822
8,1,118534
8,2,249606
8,3,249606
8,4,249606
8,5,249350
8,6,249350
8,7,249350
8,8,247302
8,9,247302
8,10,246278
8,11,246534
9,1,118534
9,2,118534
9,3,118534
9,4,118534
9,5,118534
9,6,118534
9,7,118534
9,8,118534
9,9,118534
9,10,118534
9,11,380678
10,1,118534
10,2,118534
10,3,118534
10,4,118534
10,5,126726
10,6,126722
10,7,126722
10,8,126722
10,9,126722
10,10,126850
10,11,126854
1,1,122758
1,2,122758
1,3,122758
1,4,122758
1,5,106374
1,6,114566
1,7,114566
1,8,114566
1,9,114566
1,10,114566
1,11,114566
2,1,122758
2,2,122758
2,3,647046
2,4,647046
2,5,647046
2,6,642950
2,7,626566
2,8,626566
2,9,626562
2,10,102274
2,11,102274
3,1,122758
3,2,122758
3,3,122758
3,4,122758
3,5,122790
3,6,122790
3,7,122790
3,8,122790
3,9,122786
3,10,122786
3,11,122786
4,1,122758
4,2,130950
4,3,130950
4,4,130950
4,5,130822
4,6,130822
4,7,130822
4,8,130950
4,9,130950
4,10,130950
4,11,114566
5,1,122758
5,2,122758
5,3,122758
5,4,122758
5,5,122758
5,6,122758
5,7,122758
5,8,118662
5,9,118662
5,10,118662
5,11,118662
6,1,122758
6,2,384902
6,3,384902
6,4,384902
6,5,122758
6,6,122758
6,7,122758
6,8,122758
6,9,122758
6,10,122758
6,11,122758
7,1,122758
7,2,122758
7,3,122758
7,4,122758
7,5,122758
7,6,122758
7,7,122758
7,8,122758
7,9,122758
7,10,122758
7,11,122758
8,1,122758
8,2,122758
8,3,118662
8,4,118662
8,5,118662
8,6,118662
8,7,118662
8,8,118662
8,9,122758
8,10,384902
8,11,384902
9,1,122758
9,2,122758
9,3,122758
9,4,122758
9,5,122758
9,6,122758
9,7,106374
9,8,106374
9,9,106374
9,10,106374
9,11,114566
10,1,122758
10,2,122758
10,3,122758
10,4,122758
10,5,122758
10,6,122758
10,7,122758
10,8,106374
10,9,106374
10,10,106374
10,11,106374
1,1,123399
1,2,123399
1,3,115207
1,4,115207
1,5,115207
1,6,115207
1,7,115207
1,8,115207
1,9,115207
1,10,115207
1,11,115207
2,1,123399
2,2,123399
2,3,123399
2,4,254471
2,5,254470
2,6,778758
2,7,778758
2,8,647686
2,9,647686
2,10,639494
2,11,639494
3,1,123399
3,2,123399
3,3,123399
3,4,123399
3,5,123399
3,6,385543
3,7,385542
3,8,385542
3,9,385542
3,10,385542
3,11,385542
4,1,123399
4,2,123399
4,3,123399
4,4,123399
4,5,123399
4,6,254471
4,7,255495
4,8,517639
4,9,517639
4,10,517639
4,11,517639
5,1,123399
5,2,123399
5,3,123399
5,4,123399
5,5,123399
5,6,123398
5,7,123398
5,8,123398
5,9,125446
5,10,125446
5,11,125446
6,1,123399
6,2,123399
6,3,254471
6,4,254599
6,5,778887
6,6,778887
6,7,1041031
6,8,1041031
6,9,1041031
6,10,1041287
6,11,1041287
7,1,123399
7,2,123399
7,3,123399
7,4,123399
7,5,123399
7,6,123399
7,7,123399
7,8,123399
7,9,115207
7,10,115207
7,11,115207
8,1,123399
8,2,123399
8,3,123399
8,4,123399
8,5,123399
8,6,123399
8,7,123399
8,8,123399
8,9,123399
8,10,123399
8,11,123399
9,1,123399
9,2,123399
9,3,123399
9,4,115207
9,5,115207
9,6,115207
9,7,115463
9,8,115463
9,9,115463
9,10,377607
9,11,377607
10,1,123399
10,2,123399
10,3,123399
10,4,123399
10,5,123399
10,6,123398
10,7,123398
10,8,647686
10,9,647686
10,10,123398
10,11,123398
1,1,125826
1,2,126850
1,3,118658
1,4,118658
1,5,118656
1,6,118656
1,7,118656
1,8,116608
1,9,116608
1,10,116608
1,11,100224
2,1,125826
2,2,256898
2,3,125826
2,4,125826
2,5,125826
2,6,125826
2,7,129922
2,8,130946
2,9,130946
2,10,130946
2,11,130946
3,1,125826
3,2,126850
3,3,110466
3,4,110466
3,5,110466
3,6,110466
3,7,110466
3,8,110466
3,9,110466
3,10,110466
3,11,110466
4,1,125826
4,2,129922
4,3,129920
4,4,129920
4,5,654208
4,6,654208
4,7,654208
4,8,654208
4,9,654208
4,10,654208
4,11,650112
5,1,125826
5,2,125826
5,3,125826
5,4,109442
5,5,633730
5,6,633730
5,7,633730
5,8,633474
5,9,633474
5,10,634498
5,11,896642
6,1,125826
6,2,129922
6,3,129922
6,4,129922
6,5,129922
6,6,129926
6,7,129926
6,8,129926
6,9,129926
6,10,129926
6,11,129926
7,1,125826
7,2,125826
7,3,125826
7,4,650114
7,5,651138
7,6,651138
7,7,651138
7,8,651138
7,9,651138
7,10,651138
7,11,651138
8,1,125826
8,2,125826
8,3,109442
8,4,109446
8,5,109446
8,6,633734
8,7,637830
8,8,637830
8,9,637830
8,10,637830
8,11,638854
9,1,125826
9,2,125826
9,3,125826
9,4,123778
9,5,123778
9,6,123778
9,7,123778
9,8,123778
9,9,123778
9,10,123778
9,11,123778
10,1,125826
10,2,125826
10,3,125826
10,4,125826
10,5,125826
10,6,125826
10,7,125826
10,8,125826
10,9,125826
10,10,125824
10,11,125568
