simulation,timestep,config_id
1,1,1017735
1,2,1017735
1,3,1017735
1,4,1017735
1,5,1017735
1,6,1017735
1,7,1017735
1,8,1017735
1,9,1017735
1,10,1017735
1,11,1017735
2,1,1017735
2,2,1017735
2,3,1017735
2,4,1017735
2,5,1017735
2,6,1017735
2,7,1017735
2,8,1017735
2,9,1017735
2,10,1017735
2,11,1017735
3,1,1017735
3,2,1017735
3,3,1017735
3,4,1017734
3,5,1017734
3,6,1017734
3,7,1017734
3,8,1017734
3,9,1017734
3,10,1017734
3,11,1017734
4,1,1017735
4,2,1017735
4,3,1017735
4,4,1017735
4,5,1017735
4,6,1017735
4,7,1017735
4,8,1017735
4,9,1017735
4,10,1017735
4,11,1017735
5,1,1017735
5,2,1017735
5,3,1017735
5,4,1017735
5,5,1017735
5,6,1017607
5,7,952071
5,8,954119
5,9,954119
5,10,953607
5,11,953735
6,1,1017735
6,2,1017735
6,3,1025927
6,4,1025927
6,5,1025927
6,6,1025927
6,7,1025927
6,8,1025927
6,9,1025927
6,10,1025927
6,11,1025927
7,1,1017735
7,2,1017735
7,3,1017735
7,4,1017735
7,5,1017735
7,6,1017735
7,7,1017735
7,8,1017735
7,9,1017735
7,10,1017735
7,11,1017735
8,1,1017735
8,2,1017735
8,3,1017735
8,4,1017735
8,5,1017735
8,6,1017735
8,7,1017735
8,8,1017735
8,9,1017735
8,10,1017735
8,11,1017735
9,1,1017735
9,2,1017735
9,3,1017735
9,4,1017735
9,5,1017735
9,6,886663
9,7,886663
9,8,886663
9,9,886663
9,10,886663
9,11,886663
10,1,1017735
10,2,1017735
10,3,1017735
10,4,1017735
10,5,1017735
10,6,1017735
10,7,1017735
10,8,1017735
10,9,1034119
10,10,1034119
10,11,1034119
1,1,1024903
1,2,1024903
1,3,1024903
1,4,1024903
1,5,1024903
1,6,1024903
1,7,1024903
1,8,1024903
1,9,1024903
1,10,1024903
1,11,1024647
2,1,1024903
2,2,1024903
2,3,1024903
2,4,1024903
2,5,1024903
2,6,1024903
2,7,1024903
2,8,1024903
2,9,1024903
2,10,1024903
2,11,1024903
3,1,1024903
3,2,1024903
3,3,1024903
3,4,1024903
3,5,1024903
3,6,1024903
3,7,1024903
3,8,1024903
3,9,1024903
3,10,1041287
3,11,1041287
4,1,1024903
4,2,1024903
4,3,1024903
4,4,1024903
4,5,1024903
4,6,1024903
4,7,1024903
4,8,1024903
4,9,1024903
4,10,1025927
4,11,1025927
5,1,1024903
5,2,1024903
5,3,1026951
5,4,1026951
5,5,1026951
5,6,1026951
5,7,1026951
5,8,1026951
5,9,1026951
5,10,1026951
5,11,1026951
6,1,1024903
6,2,1024903
6,3,1024903
6,4,1024903
6,5,1024903
6,6,1024903
6,7,1024903
6,8,1024903
6,9,1024903
6,10,1024903
6,11,1024903
7,1,1024903
7,2,1024903
7,3,1024911
7,4,1024911
7,5,1024911
7,6,1024911
7,7,959375
7,8,959375
7,9,959375
7,10,951183
7,11,951247
8,1,1024903
8,2,1024903
8,3,1041287
8,4,1041287
8,5,1043335
8,6,1043335
8,7,1043079
8,8,1043079
8,9,1043079
8,10,1026695
8,11,1026695
9,1,1024903
9,2,1024903
9,3,1024903
9,4,1024903
9,5,1024903
9,6,1024903
9,7,1024903
9,8,992135
9,9,1008519
9,10,1008519
9,11,484231
10,1,1024903
10,2,1024903
10,3,1024903
10,4,1024903
10,5,1041287
10,6,1041287
10,7,1041287
10,8,1041287
10,9,1041287
10,10,1041287
10,11,1041287
1,1,1025538
1,2,1025666
1,3,1025666
1,4,1025666
1,5,1025666
1,6,1025922
1,7,1025922
1,8,1025922
1,9,1025922
1,10,1025922
1,11,1025922
2,1,1025538
2,2,1025538
2,3,1025538
2,4,1025538
2,5,1025538
2,6,1025538
2,7,1025538
2,8,1025538
2,9,1025538
2,10,1025538
2,11,1025538
3,1,1025538
3,2,1025538
3,3,1025794
3,4,1025794
3,5,1025538
3,6,1041922
3,7,1042178
3,8,1042178
3,9,1042178
3,10,1042306
3,11,1042306
4,1,1025538
4,2,1025538
4,3,1025538
4,4,1025538
4,5,1025794
4,6,1025794
4,7,1025794
4,8,1025794
4,9,1025794
4,10,1025794
4,11,1017602
5,1,1025538
5,2,1025538
5,3,1025794
5,4,1025538
5,5,763394
5,6,763394
5,7,763394
5,8,763394
5,9,763394
5,10,763394
5,11,763394
6,1,1025538
6,2,1025538
6,3,1025538
6,4,1025538
6,5,1025538
6,6,1025538
6,7,1025538
6,8,1025538
6,9,1025538
6,10,1025794
6,11,1025794
7,1,1025538
7,2,1025538
7,3,1025538
7,4,1025536
7,5,1041920
7,6,1041920
7,7,1041920
7,8,1041920
7,9,1041920
7,10,1041920
7,11,1041920
8,1,1025538
8,2,1025538
8,3,1025538
8,4,501250
8,5,517634
8,6,517634
8,7,517634
8,8,517634
8,9,517634
8,10,517634
8,11,517638
9,1,1025538
9,2,1025538
9,3,1025538
9,4,1017346
9,5,1017346
9,6,1017346
9,7,1017346
9,8,1017346
9,9,1017346
9,10,1017346
9,11,1017346
10,1,1025538
10,2,1025538
10,3,1025538
10,4,1025538
10,5,1025538
10,6,1025666
10,7,1025666
10,8,1025666
10,9,1025666
10,10,1025666
10,11,1025666
1,1,1025539
1,2,1025539
1,3,1025539
1,4,1025537
1,5,1025537
1,6,1025537
1,7,1025541
1,8,1025541
1,9,1025541
1,10,1025797
1,11,1042181
2,1,1025539
2,2,1025539
2,3,1025539
2,4,1025539
2,5,1025539
2,6,1025539
2,7,1025539
2,8,1025539
2,9,1025539
2,10,1025539
2,11,1025539
3,1,1025539
3,2,1025543
3,3,1025543
3,4,1025543
3,5,1025543
3,6,1025543
3,7,1025543
3,8,1025543
3,9,894471
3,10,894471
3,11,894471
4,1,1025539
4,2,1025539
4,3,1025539
4,4,1025539
4,5,1025539
4,6,1025539
4,7,1025539
4,8,1025539
4,9,1025539
4,10,1025539
4,11,1027587
5,1,1025539
5,2,1025539
5,3,1025539
5,4,1025539
5,5,1025539
5,6,1025667
5,7,1025667
5,8,1025667
5,9,1025667
5,10,1025667
5,11,1025667
6,1,1025539
6,2,1025537
6,3,1025537
6,4,1025537
6,5,1025537
6,6,1025537
6,7,1025537
6,8,1025537
6,9,1017345
6,10,1017345
6,11,1025537
7,1,1025539
7,2,1025539
7,3,1025539
7,4,1025539
7,5,1025539
7,6,1025539
7,7,1025539
7,8,1025539
7,9,1025539
7,10,1025539
7,11,1025539
8,1,1025539
8,2,1025539
8,3,1025539
8,4,1025539
8,5,1025539
8,6,1025539
8,7,1025543
8,8,1027591
8,9,1027591
8,10,1027591
8,11,1027847
9,1,1025539
9,2,1017347
9,3,1017347
9,4,1017346
9,5,1017346
9,6,1025538
9,7,1025538
9,8,1025538
9,9,1025538
9,10,1025538
9,11,1025538
10,1,1025539
10,2,1041923
10,3,1041923
10,4,1041923
10,5,1041923
10,6,1041923
10,7,1041923
10,8,1043971
10,9,1043971
10,10,1043971
10,11,1043971
1,1,1025665
1,2,1025665
1,3,1025665
1,4,1025665
1,5,1025665
1,6,1042049
1,7,1042049
1,8,1042049
1,9,1042305
1,10,1042049
1,11,1042049
2,1,1025665
2,2,1025665
2,3,1025665
2,4,1025665
2,5,1025665
2,6,1025665
2,7,1025665
2,8,1025921
2,9,1025921
2,10,1025921
2,11,1027969
3,1,1025665
3,2,1025665
3,3,1025665
3,4,1025665
3,5,1025665
3,6,1025665
3,7,1025665
3,8,1025665
3,9,1025665
3,10,1025665
3,11,1025665
4,1,1025665
4,2,1025665
4,3,894593
4,4,894593
4,5,894593
4,6,894593
4,7,894593
4,8,894593
4,9,894593
4,10,894593
4,11,894593
5,1,1025665
5,2,1025665
5,3,1025669
5,4,1025669
5,5,1025669
5,6,1025669
5,7,1025669
5,8,1025669
5,9,1025669
5,10,1025669
5,11,1025669
6,1,1025665
6,2,1025665
6,3,1025665
6,4,1025665
6,5,1025665
6,6,1025665
6,7,1025665
6,8,1025667
6,9,1025667
6,10,1025539
6,11,1025667
7,1,1025665
7,2,1025665
7,3,1025665
7,4,1025665
7,5,1025665
7,6,1025665
7,7,1025665
7,8,1025665
7,9,1025537
7,10,1025539
7,11,1025539
8,1,1025665
8,2,1025665
8,3,1025665
8,4,1025665
8,5,1025665
8,6,1025665
8,7,1025665
8,8,1025665
8,9,1025665
8,10,1025665
8,11,1025921
9,1,1025665
9,2,1025665
9,3,501377
9,4,501377
9,5,501249
9,6,501249
9,7,501249
9,8,501249
9,9,501249
9,10,501249
9,11,501249
10,1,1025665
10,2,1025665
10,3,1025664
10,4,1025664
10,5,1025664
10,6,1025664
10,7,1025664
10,8,1025664
10,9,1025664
10,10,1025664
10,11,1025920
1,1,1025795
1,2,1025795
1,3,1025795
1,4,1025795
1,5,1025795
1,6,1025795
1,7,1025795
1,8,1025795
1,9,1042179
1,10,1041923
1,11,1041923
2,1,1025795
2,2,1025795
2,3,1025795
2,4,1025795
2,5,1027843
2,6,1027843
2,7,1027847
2,8,1027847
2,9,1027847
2,10,1025799
2,11,1025799
3,1,1025795
3,2,1025795
3,3,1025795
3,4,1025795
3,5,1027843
3,6,1027843
3,7,1027843
3,8,1027971
3,9,1027971
3,10,1027971
3,11,1027971
4,1,1025795
4,2,1025795
4,3,1025795
4,4,1025795
4,5,1025795
4,6,1025795
4,7,1025795
4,8,1025795
4,9,1025795
4,10,1025795
4,11,1025795
5,1,1025795
5,2,1025795
5,3,1025794
5,4,1025794
5,5,1025794
5,6,1025794
5,7,1025922
5,8,1025922
5,9,1025922
5,10,1025922
5,11,1025926
6,1,1025795
6,2,1025795
6,3,1025795
6,4,1025795
6,5,1025795
6,6,1025795
6,7,1025795
6,8,1024771
6,9,1024771
6,10,1025795
6,11,1025795
7,1,1025795
7,2,1025793
7,3,1025793
7,4,1025793
7,5,1025793
7,6,1025793
7,7,1025793
7,8,1025793
7,9,1025793
7,10,1025793
7,11,1025793
8,1,1025795
8,2,1025794
8,3,1025794
8,4,1025794
8,5,1025794
8,6,1025794
8,7,1025794
8,8,1027842
8,9,1027842
8,10,1027842
8,11,1027842
9,1,1025795
9,2,1025795
9,3,1025795
9,4,1025795
9,5,1025799
9,6,1025799
9,7,1025799
9,8,1025799
9,9,1025799
9,10,1025799
9,11,1025799
10,1,1025795
10,2,1025795
10,3,1025795
10,4,1025795
10,5,1025795
10,6,1025795
10,7,1025795
10,8,1025794
10,9,1025794
10,10,1025794
10,11,1025794
1,1,1025920
1,2,1025920
1,3,1025920
1,4,1025920
1,5,1025920
1,6,1025920
1,7,1025920
1,8,1025920
1,9,1025920
1,10,1025920
1,11,1025920
2,1,1025920
2,2,1025920
2,3,1025920
2,4,1025920
2,5,1017728
2,6,1017730
2,7,1016706
2,8,1016706
2,9,1016706
2,10,1016706
2,11,1016706
3,1,1025920
3,2,1025920
3,3,1025920
3,4,1025920
3,5,1025920
3,6,1025920
3,7,1017728
3,8,1017728
3,9,886656
3,10,894848
3,11,1025920
4,1,1025920
4,2,1025920
4,3,1025920
4,4,1025920
4,5,1042304
4,6,1042304
4,7,1042304
4,8,1042304
4,9,1042304
4,10,1042304
4,11,1042304
5,1,1025920
5,2,1025920
5,3,1025920
5,4,1025920
5,5,1025920
5,6,1025920
5,7,1025920
5,8,1025920
5,9,1025920
5,10,1025920
5,11,1025920
6,1,1025920
6,2,1025920
6,3,1025920
6,4,1025920
6,5,1017728
6,6,1017728
6,7,1017728
6,8,1017728
6,9,1017728
6,10,1017728
6,11,1017728
7,1,1025920
7,2,1025922
7,3,1025920
7,4,1025920
7,5,1025920
7,6,1025920
7,7,1025920
7,8,1017728
7,9,1017728
7,10,1017728
7,11,1025920
8,1,1025920
8,2,1025920
8,3,1025920
8,4,1025920
8,5,1025920
8,6,1025920
8,7,1025922
8,8,1025922
8,9,1025922
8,10,1025922
8,11,1025922
9,1,1025920
9,2,1025920
9,3,1025920
9,4,1025920
9,5,1025920
9,6,1025920
9,7,1025920
9,8,1025920
9,9,1025920
9,10,1025920
9,11,1025920
10,1,1025920
10,2,1025920
10,3,1025920
10,4,1025920
10,5,1025920
10,6,1025920
10,7,1025920
10,8,1025920
10,9,1025920
10,10,1025922
10,11,1025922
1,1,1025922
1,2,1025922
1,3,1025922
1,4,1025922
1,5,1025922
1,6,1025922
1,7,1042306
1,8,1042306
1,9,1042306
1,10,1042306
1,11,1042306
2,1,1025922
2,2,1025922
2,3,1025922
2,4,1042306
2,5,1042306
2,6,1042306
2,7,1042306
2,8,1042306
2,9,1042306
2,10,1042306
2,11,1042304
3,1,1025922
3,2,1025922
3,3,1025922
3,4,1025922
3,5,1025923
3,6,1025923
3,7,1025923
3,8,1025923
3,9,1025923
3,10,1025923
3,11,1025923
4,1,1025922
4,2,1025922
4,3,1025922
4,4,1025922
4,5,1025920
4,6,1025922
4,7,1025922
4,8,1025922
4,9,1025922
4,10,1025922
4,11,1025922
5,1,1025922
5,2,1025922
5,3,1025922
5,4,1025922
5,5,1025922
5,6,1025922
5,7,1025922
5,8,1027970
5,9,1027970
5,10,1027970
5,11,1027970
6,1,1025922
6,2,1027970
6,3,1027968
6,4,1027968
6,5,1027968
6,6,1027968
6,7,1027968
6,8,1027970
6,9,1027970
6,10,1027970
6,11,1027970
7,1,1025922
7,2,1025922
7,3,1025922
7,4,1025922
7,5,1025922
7,6,1025920
7,7,1025920
7,8,1025920
7,9,1025920
7,10,1025792
7,11,1025796
8,1,1025922
8,2,1025922
8,3,1025922
8,4,1025922
8,5,1025922
8,6,1025922
8,7,1025922
8,8,1025922
8,9,1025922
8,10,1025922
8,11,1025922
9,1,1025922
9,2,1025922
9,3,1025922
9,4,1025922
9,5,1025922
9,6,1025922
9,7,1025922
9,8,1025922
9,9,1025922
9,10,1025922
9,11,1025922
10,1,1025922
10,2,1025922
10,3,1025922
10,4,1025922
10,5,1025922
10,6,1025922
10,7,1025922
10,8,1025922
10,9,1025922
10,10,763778
10,11,763778
1,1,1025924
1,2,1025924
1,3,1025924
1,4,1025924
1,5,1025926
1,6,1025926
1,7,1025926
1,8,1025926
1,9,1025926
1,10,1025926
1,11,1025926
2,1,1025924
2,2,1025925
2,3,1025925
2,4,1025927
2,5,1025927
2,6,1025927
2,7,1025927
2,8,1025927
2,9,1025927
2,10,1025927
2,11,1027975
3,1,1025924
3,2,501636
3,3,501636
3,4,518020
3,5,518022
3,6,518022
3,7,1042310
3,8,1042310
3,9,1042310
3,10,1042310
3,11,1042310
4,1,1025924
4,2,1025924
4,3,1025924
4,4,1025924
4,5,1025924
4,6,1025926
4,7,1025926
4,8,1025926
4,9,1024902
4,10,1041286
4,11,1041286
5,1,1025924
5,2,1025924
5,3,1025924
5,4,1025924
5,5,1017732
5,6,1017732
5,7,1017732
5,8,1019780
5,9,1019780
5,10,1019780
5,11,1019780
6,1,1025924
6,2,1025924
6,3,1025924
6,4,1025924
6,5,1025924
6,6,1025924
6,7,1025924
6,8,1025924
6,9,1025924
6,10,1025924
6,11,1025924
7,1,1025924
7,2,1025924
7,3,1025924
7,4,1025924
7,5,1025924
7,6,1025924
7,7,1025926
7,8,1025926
7,9,1042310
7,10,1042310
7,11,1042310
8,1,1025924
8,2,1025924
8,3,1025924
8,4,1025924
8,5,1025924
8,6,1025924
8,7,501636
8,8,501636
8,9,518020
8,10,518020
8,11,518020
9,1,1025924
9,2,1025920
9,3,1025920
9,4,1025920
9,5,1025920
9,6,1025920
9,7,1025920
9,8,1025920
9,9,1025920
9,10,1025920
9,11,1025920
10,1,1025924
10,2,1025925
10,3,1025925
10,4,1025925
10,5,1025925
10,6,1025925
10,7,1025925
10,8,1025925
10,9,1027973
10,10,503685
10,11,503685
1,1,1025926
1,2,1017734
1,3,1017734
1,4,1017734
1,5,1017734
1,6,1017734
1,7,1017734
1,8,1017734
1,9,1017734
1,10,1017734
1,11,1017734
2,1,1025926
2,2,1030022
2,3,1032070
2,4,1032070
2,5,1032070
2,6,1032070
2,7,1032070
2,8,1032071
2,9,1032071
2,10,1032071
2,11,1032071
3,1,1025926
3,2,1025926
3,3,1025926
3,4,1025926
3,5,1025926
3,6,1025926
3,7,1025926
3,8,1025926
3,9,1025926
3,10,1025926
3,11,1025926
4,1,1025926
4,2,1025926
4,3,1025926
4,4,1025926
4,5,1025926
4,6,1025670
4,7,1025670
4,8,1025670
4,9,1027718
4,10,1027718
4,11,1027718
5,1,1025926
5,2,1025926
5,3,1025926
5,4,1025926
5,5,1025926
5,6,1025926
5,7,501638
5,8,501638
5,9,501638
5,10,501638
5,11,501638
6,1,1025926
6,2,1025926
6,3,1025926
6,4,1025926
6,5,1025926
6,6,1025926
6,7,1025926
6,8,1025926
6,9,1025926
6,10,1025926
6,11,1027974
7,1,1025926
7,2,1025926
7,3,1025926
7,4,1025926
7,5,1025926
7,6,1025926
7,7,1025926
7,8,1025926
7,9,1025926
7,10,1025926
7,11,1025926
8,1,1025926
8,2,1025927
8,3,1025927
8,4,1025927
8,5,1025927
8,6,1025927
8,7,1025927
8,8,1025927
8,9,1025927
8,10,1025927
8,11,1025927
9,1,1025926
9,2,1025926
9,3,1042310
9,4,1042310
9,5,1042310
9,6,1042310
9,7,1042311
9,8,518023
9,9,501639
9,10,501639
9,11,501639
10,1,1025926
10,2,1025926
10,3,1025926
10,4,1025926
10,5,1025926
10,6,1025926
10,7,1025926
10,8,1025926
10,9,1025926
10,10,1025926
10,11,1025924
1,1,1025927
1,2,1025927
1,3,1025927
1,4,1025927
1,5,1025927
1,6,1025927
1,7,1025927
1,8,1025927
1,9,1025927
1,10,1025959
1,11,1025959
2,1,1025927
2,2,1025927
2,3,1025927
2,4,1025927
2,5,1025927
2,6,1025927
2,7,1025927
2,8,1025926
2,9,1025926
2,10,1025926
2,11,1025926
3,1,1025927
3,2,1025927
3,3,1027975
3,4,1027975
3,5,1027975
3,6,1027975
3,7,1027975
3,8,1027975
3,9,1027974
3,10,1027974
3,11,1027974
4,1,1025927
4,2,1025927
4,3,1025927
4,4,1025927
4,5,1025927
4,6,1025927
4,7,894855
4,8,894855
4,9,894855
4,10,894855
4,11,894855
5,1,1025927
5,2,1030023
5,3,1030023
5,4,1030023
5,5,1030023
5,6,1030023
5,7,1030023
5,8,1030023
5,9,1030023
5,10,1030023
5,11,1030023
6,1,1025927
6,2,1025927
6,3,1025927
6,4,1025927
6,5,1025927
6,6,1025927
6,7,1025927
6,8,1025927
6,9,1025927
6,10,1025926
6,11,1025926
7,1,1025927
7,2,1025927
7,3,1025927
7,4,1025927
7,5,1025927
7,6,1025927
7,7,1025927
7,8,1025927
7,9,1025927
7,10,1025927
7,11,1025927
8,1,1025927
8,2,1025927
8,3,1025927
8,4,1025927
8,5,1025927
8,6,1025927
8,7,1025927
8,8,1025927
8,9,1025927
8,10,1025927
8,11,1025927
9,1,1025927
9,2,1025927
9,3,1025927
9,4,1025927
9,5,1025927
9,6,1025927
9,7,1017735
9,8,1017735
9,9,1017735
9,10,1017735
9,11,1017735
10,1,1025927
10,2,1025927
10,3,1025927
10,4,1025927
10,5,1025927
10,6,1025927
10,7,1025927
10,8,1025927
10,9,1025927
10,10,1025927
10,11,1025927
1,1,1027719
1,2,1025671
1,3,1025671
1,4,1025670
1,5,1025670
1,6,1025670
1,7,1025670
1,8,1025670
1,9,1025670
1,10,1025670
1,11,1025670
2,1,1027719
2,2,1027719
2,3,1027719
2,4,1027719
2,5,1027719
2,6,1027719
2,7,1027719
2,8,1027719
2,9,1027719
2,10,1027718
2,11,1027718
3,1,1027719
3,2,1027719
3,3,1027591
3,4,1027591
3,5,1027591
3,6,1027591
3,7,1027591
3,8,1027591
3,9,1027590
3,10,1027718
3,11,1027718
4,1,1027719
4,2,1027719
4,3,1027719
4,4,1027719
4,5,1027719
4,6,1025671
4,7,1025667
4,8,1025667
4,9,1025667
4,10,1025667
4,11,1025667
5,1,1027719
5,2,1027719
5,3,1027719
5,4,1027719
5,5,1027719
5,6,1027719
5,7,1027719
5,8,1027975
5,9,1027975
5,10,1044359
5,11,1048455
6,1,1027719
6,2,1027719
6,3,1025671
6,4,1025671
6,5,1025671
6,6,1025671
6,7,1025671
6,8,1025671
6,9,1025671
6,10,1025671
6,11,1025927
7,1,1027719
7,2,1027719
7,3,1027591
7,4,1027591
7,5,1043975
7,6,1043975
7,7,1043975
7,8,1043975
7,9,1044103
7,10,1044103
7,11,1044103
8,1,1027719
8,2,1027719
8,3,1027975
8,4,1027975
8,5,1027975
8,6,1027975
8,7,1027975
8,8,1027971
8,9,1027971
8,10,1027971
8,11,1027971
9,1,1027719
9,2,1027719
9,3,1027719
9,4,1027591
9,5,1027591
9,6,1027591
9,7,1027591
9,8,1027591
9,9,1027591
9,10,1027591
9,11,1027591
10,1,1027719
10,2,1027719
10,3,1027719
10,4,1027719
10,5,1027719
10,6,1027719
10,7,1027719
10,8,1027719
10,9,1027719
10,10,1027719
10,11,1027719
1,1,1027842
1,2,1027842
1,3,1025794
1,4,1025922
1,5,1025922
1,6,1025922
1,7,1025926
1,8,1025922
1,9,1025922
1,10,1025922
1,11,1025922
2,1,1027842
2,2,1027842
2,3,1027846
2,4,1027846
2,5,1027846
2,6,1027846
2,7,1044230
2,8,1044358
2,9,1042310
2,10,1042311
2,11,1025927
3,1,1027842
3,2,1027842
3,3,1027842
3,4,1027842
3,5,1027842
3,6,1027842
3,7,1027842
3,8,1027846
3,9,1027846
3,10,1027846
3,11,1027842
4,1,1027842
4,2,1027842
4,3,1027842
4,4,1027842
4,5,896770
4,6,896770
4,7,896514
4,8,896514
4,9,896514
4,10,912898
4,11,912898
5,1,1027842
5,2,1027846
5,3,1027846
5,4,1027846
5,5,1027974
5,6,1027974
5,7,1027974
5,8,1027974
5,9,1027974
5,10,1027974
5,11,1027974
6,1,1027842
6,2,1027970
6,3,1027970
6,4,1027970
6,5,1027970
6,6,1027970
6,7,1027970
6,8,1027970
6,9,1027971
6,10,1027971
6,11,1027971
7,1,1027842
7,2,1027842
7,3,1027842
7,4,1027842
7,5,1027970
7,6,1027970
7,7,1027970
7,8,1027970
7,9,1027970
7,10,1027970
7,11,1027970
8,1,1027842
8,2,1027842
8,3,1027842
8,4,1027842
8,5,1027842
8,6,1027842
8,7,1027842
8,8,1027842
8,9,1027842
8,10,1027840
8,11,1027840
9,1,1027842
9,2,1027842
9,3,1027842
9,4,1044226
9,5,1044226
9,6,1044226
9,7,1044230
9,8,1044230
9,9,1044230
9,10,1044230
9,11,1044230
10,1,1027842
10,2,1027842
10,3,1027842
10,4,1027842
10,5,1027842
10,6,1027842
10,7,1027586
10,8,1027586
10,9,1027586
10,10,1027586
10,11,1027586
1,1,1027968
1,2,1027968
1,3,1027972
1,4,1027972
1,5,1027972
1,6,1027972
1,7,1027972
1,8,1027972
1,9,896900
1,10,896900
1,11,896900
2,1,1027968
2,2,1027968
2,3,1027968
2,4,1027968
2,5,1027968
2,6,1027968
2,7,1027968
2,8,1027968
2,9,1027968
2,10,1027968
2,11,1025920
3,1,1027968
3,2,1027968
3,3,1027968
3,4,1027968
3,5,1027968
3,6,1027968
3,7,1027968
3,8,1027968
3,9,1027968
3,10,1027968
3,11,1027968
4,1,1027968
4,2,1027968
4,3,1027968
4,4,1027968
4,5,1027968
4,6,1027972
4,7,1027972
4,8,1027972
4,9,1027972
4,10,1027972
4,11,1027972
5,1,1027968
5,2,1027968
5,3,1027968
5,4,1027968
5,5,1025920
5,6,1025920
5,7,1025920
5,8,894848
5,9,894848
5,10,894848
5,11,894848
6,1,1027968
6,2,1027968
6,3,1027968
6,4,1027968
6,5,1027968
6,6,1027968
6,7,1027968
6,8,1027968
6,9,896896
6,10,896896
6,11,896896
7,1,1027968
7,2,1027970
7,3,1027970
7,4,1044354
7,5,1044354
7,6,1027970
7,7,1027974
7,8,1027974
7,9,1027974
7,10,1027974
7,11,1027974
8,1,1027968
8,2,1027970
8,3,1027970
8,4,1027970
8,5,1027970
8,6,1027970
8,7,1027970
8,8,1027970
8,9,1027970
8,10,1027970
8,11,1027970
9,1,1027968
9,2,1027968
9,3,1027968
9,4,1027968
9,5,1027968
9,6,1027968
9,7,1027968
9,8,1027968
9,9,1027968
9,10,1027968
9,11,1027970
10,1,1027968
10,2,765824
10,3,765824
10,4,765824
10,5,765824
10,6,765826
10,7,765826
10,8,765826
10,9,634754
10,10,634754
10,11,634754
1,1,1027969
1,2,1027969
1,3,1027969
1,4,1027969
1,5,765825
1,6,765825
1,7,765827
1,8,765827
1,9,765827
1,10,765827
1,11,765827
2,1,1027969
2,2,1027969
2,3,1027969
2,4,1025921
2,5,1025921
2,6,1025921
2,7,1025921
2,8,1025921
2,9,1025921
2,10,1025921
2,11,1025921
3,1,1027969
3,2,1027969
3,3,1027969
3,4,1027969
3,5,1027968
3,6,1025920
3,7,501632
3,8,501632
3,9,501632
3,10,493440
3,11,493444
4,1,1027969
4,2,1027969
4,3,1027969
4,4,1027969
4,5,1027969
4,6,1027969
4,7,1027969
4,8,1027969
4,9,1027969
4,10,1027969
4,11,1027968
5,1,1027969
5,2,1027969
5,3,1027969
5,4,1025921
5,5,1025923
5,6,1025923
5,7,1025923
5,8,1025923
5,9,1025923
5,10,1025923
5,11,1025923
6,1,1027969
6,2,1027969
6,3,1027969
6,4,1027969
6,5,1027971
6,6,1027971
6,7,1027971
6,8,1027969
6,9,1027969
6,10,1027969
6,11,1027969
7,1,1027969
7,2,1027969
7,3,1025921
7,4,1025921
7,5,1025921
7,6,1025921
7,7,1025921
7,8,1025921
7,9,1025920
7,10,1025920
7,11,1025920
8,1,1027969
8,2,1027969
8,3,1027969
8,4,1027969
8,5,1027969
8,6,1027969
8,7,1027969
8,8,1027969
8,9,1027971
8,10,1027971
8,11,1027970
9,1,1027969
9,2,1027969
9,3,1027969
9,4,1027969
9,5,1027969
9,6,1027969
9,7,1027969
9,8,1027969
9,9,765825
9,10,765825
9,11,765825
10,1,1027969
10,2,1027969
10,3,1027969
10,4,1028001
10,5,1028001
10,6,1028003
10,7,1028003
10,8,1028003
10,9,1028003
10,10,1028002
10,11,1027970
1,1,1027970
1,2,1027970
1,3,1027970
1,4,1027970
1,5,503682
1,6,503682
1,7,503682
1,8,503682
1,9,520066
1,10,520066
1,11,520066
2,1,1027970
2,2,1027970
2,3,1027970
2,4,1027970
2,5,1027970
2,6,1027970
2,7,1027974
2,8,1027974
2,9,1027974
2,10,503686
2,11,372614
3,1,1027970
3,2,1027970
3,3,1027970
3,4,1027970
3,5,1027970
3,6,1027970
3,7,1027970
3,8,1027970
3,9,1027970
3,10,1027970
3,11,1027970
4,1,1027970
4,2,1027970
4,3,1027970
4,4,1025922
4,5,1025922
4,6,1025922
4,7,1025920
4,8,1025920
4,9,1025920
4,10,1025920
4,11,1025920
5,1,1027970
5,2,1027970
5,3,1025922
5,4,1025922
5,5,1025920
5,6,1025920
5,7,1025920
5,8,1025920
5,9,1025920
5,10,1025920
5,11,1025920
6,1,1027970
6,2,1027970
6,3,1027970
6,4,1027970
6,5,1027970
6,6,1027970
6,7,765826
6,8,765826
6,9,765826
6,10,765826
6,11,765826
7,1,1027970
7,2,1027970
7,3,1027970
7,4,1027970
7,5,1027970
7,6,1027970
7,7,1027970
7,8,1027970
7,9,1027970
7,10,1027970
7,11,1027970
8,1,1027970
8,2,1027970
8,3,1027970
8,4,1027971
8,5,1027971
8,6,1027971
8,7,1027971
8,8,1027971
8,9,1027970
8,10,1027970
8,11,1027970
9,1,1027970
9,2,1027970
9,3,1044354
9,4,1027970
9,5,1027970
9,6,1027970
9,7,1027970
9,8,1027970
9,9,1027970
9,10,1027970
9,11,1027970
10,1,1027970
10,2,1044354
10,3,1044354
10,4,1044354
10,5,520066
10,6,520066
10,7,520070
10,8,520070
10,9,520070
10,10,520070
10,11,520070
1,1,1027974
1,2,1027974
1,3,1027974
1,4,1027974
1,5,1027974
1,6,1027974
1,7,1027974
1,8,503686
1,9,372614
1,10,372614
1,11,372614
2,1,1027974
2,2,1027974
2,3,1027974
2,4,1027974
2,5,1027974
2,6,1027974
2,7,1027974
2,8,1027974
2,9,1027974
2,10,1027974
2,11,1027974
3,1,1027974
3,2,1027974
3,3,1027974
3,4,1027974
3,5,1027974
3,6,1027974
3,7,1027974
3,8,1027974
3,9,1027974
3,10,1027974
3,11,1027974
4,1,1027974
4,2,1027975
4,3,1027975
4,4,1027975
4,5,1027975
4,6,1027975
4,7,1027975
4,8,1027975
4,9,1027975
4,10,1027975
4,11,1027975
5,1,1027974
5,2,1027974
5,3,1027974
5,4,1027974
5,5,1027974
5,6,1027975
5,7,1027975
5,8,1027975
5,9,1027975
5,10,1027975
5,11,1027975
6,1,1027974
6,2,1027974
6,3,1032070
6,4,1032070
6,5,1032070
6,6,1030022
6,7,1030022
6,8,1025926
6,9,1025926
6,10,1025926
6,11,1025926
7,1,1027974
7,2,1027974
7,3,1027974
7,4,1027974
7,5,1027974
7,6,1027974
7,7,1025926
7,8,1025926
7,9,1025926
7,10,1025926
7,11,1025926
8,1,1027974
8,2,1027974
8,3,1027974
8,4,1027974
8,5,1027974
8,6,1027974
8,7,896902
8,8,896902
8,9,896902
8,10,896902
8,11,896902
9,1,1027974
9,2,1027975
9,3,1027975
9,4,1027975
9,5,1027975
9,6,1027975
9,7,1027975
9,8,1027975
9,9,1027975
9,10,1027975
9,11,1027975
10,1,1027974
10,2,1027974
10,3,1027974
10,4,1027974
10,5,1027974
10,6,1032070
10,7,1027974
10,8,1027974
10,9,1027974
10,10,1027974
10,11,1027974
1,1,1027975
1,2,1027975
1,3,1027975
1,4,1027975
1,5,1027975
1,6,1027975
1,7,1027975
1,8,1027975
1,9,1027975
1,10,1027975
1,11,1027975
2,1,1027975
2,2,1027975
2,3,1027975
2,4,1027975
2,5,1027975
2,6,1027975
2,7,1027974
2,8,1027974
2,9,1027974
2,10,1027974
2,11,1027974
3,1,1027975
3,2,1027975
3,3,1027975
3,4,1027975
3,5,765831
3,6,765831
3,7,765575
3,8,1027719
3,9,1027719
3,10,1027719
3,11,1027719
4,1,1027975
4,2,1027975
4,3,1027975
4,4,1027971
4,5,1027975
4,6,1027975
4,7,1044359
4,8,1044359
4,9,1044359
4,10,1044359
4,11,1044359
5,1,1027975
5,2,1027975
5,3,1027975
5,4,1027975
5,5,1027975
5,6,1027975
5,7,1027975
5,8,1027975
5,9,1027975
5,10,503687
5,11,503687
6,1,1027975
6,2,1027975
6,3,1027975
6,4,1027975
6,5,1027975
6,6,1044359
6,7,1044359
6,8,1044359
6,9,1044359
6,10,1044359
6,11,1044359
7,1,1027975
7,2,1027975
7,3,1027975
7,4,1027975
7,5,1027975
7,6,1027975
7,7,1027974
7,8,1027974
7,9,1027974
7,10,1027974
7,11,1027974
8,1,1027975
8,2,1027975
8,3,1027975
8,4,1027975
8,5,1027975
8,6,1027975
8,7,1027975
8,8,1027975
8,9,1027975
8,10,1027975
8,11,1027975
9,1,1027975
9,2,1044359
9,3,1044359
9,4,1044359
9,5,1044359
9,6,1044359
9,7,1044359
9,8,1044359
9,9,1044359
9,10,1044359
9,11,1044359
10,1,1027975
10,2,1027975
10,3,1027975
10,4,1027975
10,5,1027975
10,6,1027975
10,7,1027975
10,8,1027975
10,9,1027975
10,10,1027975
10,11,1027975
1,1,1027982
1,2,1027982
1,3,1027982
1,4,1027982
1,5,1027982
1,6,1027974
1,7,1027974
1,8,1027974
1,9,1027974
1,10,1027974
1,11,1027974
2,1,1027982
2,2,1027982
2,3,1027982
2,4,1019790
2,5,1019790
2,6,1019790
2,7,1019791
2,8,1019791
2,9,1019791
2,10,1017743
2,11,1017743
3,1,1027982
3,2,1027980
3,3,1027980
3,4,1027980
3,5,1027980
3,6,1027980
3,7,1027982
3,8,1027974
3,9,1027974
3,10,1027974
3,11,1027972
4,1,1027982
4,2,1027982
4,3,1027983
4,4,1032079
4,5,1032079
4,6,1032079
4,7,1032079
4,8,1023887
4,9,1023887
4,10,1023887
4,11,1019791
5,1,1027982
5,2,1027982
5,3,1027982
5,4,1027982
5,5,1027982
5,6,1027982
5,7,1027982
5,8,1027982
5,9,1027982
5,10,1027982
5,11,1027982
6,1,1027982
6,2,1027982
6,3,1027982
6,4,1027982
6,5,1027982
6,6,1019790
6,7,1019790
6,8,1019790
6,9,1019790
6,10,1019790
6,11,1019822
7,1,1027982
7,2,1027982
7,3,1027982
7,4,1027982
7,5,1027982
7,6,1027982
7,7,1027982
7,8,1025934
7,9,1017742
7,10,1017742
7,11,1017742
8,1,1027982
8,2,1027982
8,3,1027982
8,4,1027982
8,5,1027982
8,6,1032078
8,7,1032078
8,8,1032078
8,9,1032070
8,10,1032070
8,11,1032070
9,1,1027982
9,2,1027980
9,3,1027980
9,4,1027980
9,5,1027980
9,6,1027980
9,7,1027980
9,8,1027980
9,9,1027980
9,10,1027980
9,11,1027980
10,1,1027982
10,2,1027982
10,3,1027982
10,4,896910
10,5,1027982
10,6,1027982
10,7,503694
10,8,503694
10,9,503694
10,10,507790
10,11,524174
1,1,1031046
1,2,1031046
1,3,1047430
1,4,1043334
1,5,1043334
1,6,1043334
1,7,1043334
1,8,1043334
1,9,1043334
1,10,1043334
1,11,1043334
2,1,1031046
2,2,1031046
2,3,1031046
2,4,1047430
2,5,1047430
2,6,523142
2,7,523142
2,8,523142
2,9,523142
2,10,523142
2,11,523142
3,1,1031046
3,2,899974
3,3,899974
3,4,899974
3,5,899974
3,6,375686
3,7,375686
3,8,375686
3,9,375686
3,10,373638
3,11,373638
4,1,1031046
4,2,1047430
4,3,785286
4,4,781190
4,5,781190
4,6,781190
4,7,781190
4,8,781190
4,9,781190
4,10,781190
4,11,764806
5,1,1031046
5,2,1031046
5,3,1031046
5,4,1031046
5,5,1031046
5,6,1026950
5,7,1026950
5,8,1026950
5,9,1026950
5,10,1027974
5,11,1027974
6,1,1031046
6,2,1031046
6,3,1032070
6,4,1032070
6,5,1032070
6,6,1032070
6,7,1032070
6,8,1032070
6,9,1032070
6,10,1032070
6,11,1032070
7,1,1031046
7,2,1031046
7,3,1031046
7,4,1031044
7,5,768900
7,6,785284
7,7,785284
7,8,785284
7,9,785285
7,10,785285
7,11,785285
8,1,1031046
8,2,1031046
8,3,1031046
8,4,1031046
8,5,1031042
8,6,1031042
8,7,1047426
8,8,1047426
8,9,785282
8,10,785282
8,11,785282
9,1,1031046
9,2,1031047
9,3,1031047
9,4,1032071
9,5,1032071
9,6,1032071
9,7,1032071
9,8,1032071
9,9,1032071
9,10,1032071
9,11,1032071
10,1,1031046
10,2,1032070
10,3,1032070
10,4,1032070
10,5,1027974
10,6,1027974
10,7,503686
10,8,503686
10,9,503686
10,10,503686
10,11,501638
