simulation,timestep,config_id
1,1,1031685
1,2,1031685
1,3,1031685
1,4,1031685
1,5,1031685
1,6,1031685
1,7,1031685
1,8,1031685
1,9,1031687
1,10,1031687
1,11,1031943
2,1,1031685
2,2,1048069
2,3,1048069
2,4,1048069
2,5,1048065
2,6,1048065
2,7,1048065
2,8,1048065
2,9,1048065
2,10,523777
2,11,523777
3,1,1031685
3,2,1031685
3,3,1031685
3,4,1031813
3,5,1032069
3,6,1032069
3,7,1032069
3,8,1032069
3,9,1032069
3,10,1032069
3,11,1032069
4,1,1031685
4,2,1031685
4,3,1048069
4,4,1048197
4,5,1048197
4,6,1048197
4,7,1048197
4,8,1044101
4,9,1044101
4,10,1044101
4,11,1044101
5,1,1031685
5,2,769541
5,3,769541
5,4,769541
5,5,769541
5,6,769541
5,7,769797
5,8,769797
5,9,769797
5,10,769797
5,11,769799
6,1,1031685
6,2,1029637
6,3,1029637
6,4,1029639
6,5,1029767
6,6,1029767
6,7,1029767
6,8,1029767
6,9,1029767
6,10,1029767
6,11,1029767
7,1,1031685
7,2,1031685
7,3,1031685
7,4,1031813
7,5,1031813
7,6,1031813
7,7,1031813
7,8,1031813
7,9,1031815
7,10,1031815
7,11,1031815
8,1,1031685
8,2,1031687
8,3,1031943
8,4,1031943
8,5,1048327
8,6,1048327
8,7,1048071
8,8,1047047
8,9,1047047
8,10,1044999
8,11,1044999
9,1,1031685
9,2,1031685
9,3,1031685
9,4,1031685
9,5,1031685
9,6,1031685
9,7,1031685
9,8,1031684
9,9,1031684
9,10,1031684
9,11,1031940
10,1,1031685
10,2,1031685
10,3,1031685
10,4,1031685
10,5,1031685
10,6,1031685
10,7,1031941
10,8,1031937
10,9,1031937
10,10,1031937
10,11,1031937
1,1,1031815
1,2,1031815
1,3,1031814
1,4,1031686
1,5,1031686
1,6,1031686
1,7,1031686
1,8,1031686
1,9,1031686
1,10,1031942
1,11,1031942
2,1,1031815
2,2,1031815
2,3,769671
2,4,769671
2,5,769670
2,6,769670
2,7,769670
2,8,769670
2,9,769670
2,10,769668
2,11,769670
3,1,1031815
3,2,1027719
3,3,1027719
3,4,1027718
3,5,1027718
3,6,1027718
3,7,1027718
3,8,1027718
3,9,1027718
3,10,1027718
3,11,1025670
4,1,1031815
4,2,507527
4,3,507527
4,4,507783
4,5,507783
4,6,503687
4,7,503687
4,8,503687
4,9,503687
4,10,503687
4,11,503687
5,1,1031815
5,2,1031815
5,3,1031815
5,4,1031815
5,5,1031815
5,6,1031815
5,7,1031815
5,8,1032071
5,9,1032071
5,10,1032071
5,11,1032071
6,1,1031815
6,2,1031815
6,3,1031815
6,4,1031815
6,5,1031815
6,6,1031815
6,7,1031815
6,8,1031815
6,9,1031815
6,10,1031815
6,11,1031815
7,1,1031815
7,2,1031815
7,3,1031815
7,4,1031815
7,5,1031815
7,6,1031815
7,7,1031815
7,8,1031815
7,9,1031815
7,10,1031815
7,11,1031815
8,1,1031815
8,2,1031811
8,3,1031811
8,4,1031811
8,5,1031811
8,6,1031811
8,7,769667
8,8,769667
8,9,769667
8,10,769667
8,11,769667
9,1,1031815
9,2,1031815
9,3,1031815
9,4,1031815
9,5,1031815
9,6,1031687
9,7,1031687
9,8,1031687
9,9,1031815
9,10,1031815
9,11,1031815
10,1,1031815
10,2,1031815
10,3,507527
10,4,507527
10,5,507527
10,6,507527
10,7,507527
10,8,507527
10,9,507526
10,10,507526
10,11,507398
1,1,1032066
1,2,1032066
1,3,1032066
1,4,1032066
1,5,1032066
1,6,1027970
1,7,1027970
1,8,1027970
1,9,1027970
1,10,1027970
1,11,896898
2,1,1032066
2,2,1032066
2,3,1032066
2,4,1032066
2,5,1032066
2,6,1032066
2,7,1032066
2,8,1032066
2,9,769922
2,10,769922
2,11,769926
3,1,1032066
3,2,1032066
3,3,1032066
3,4,1032066
3,5,1032066
3,6,1032066
3,7,1032066
3,8,1032066
3,9,1027970
3,10,1027970
3,11,1027970
4,1,1032066
4,2,1032066
4,3,1032066
4,4,1032066
4,5,1032066
4,6,1032066
4,7,1032066
4,8,1032066
4,9,1032066
4,10,1032066
4,11,507778
5,1,1032066
5,2,1032070
5,3,1032070
5,4,1032070
5,5,1032070
5,6,1032070
5,7,1032070
5,8,1032070
5,9,1032070
5,10,1032070
5,11,1032070
6,1,1032066
6,2,1032066
6,3,1032064
6,4,1032064
6,5,1027968
6,6,1027968
6,7,1027968
6,8,1027970
6,9,1027970
6,10,1027970
6,11,1027970
7,1,1032066
7,2,1032066
7,3,1032066
7,4,1032066
7,5,1032066
7,6,1032066
7,7,1032066
7,8,1032066
7,9,1032066
7,10,1032066
7,11,1048450
8,1,1032066
8,2,507778
8,3,507778
8,4,507786
8,5,507786
8,6,507786
8,7,507786
8,8,507786
8,9,507818
8,10,507786
8,11,507786
9,1,1032066
9,2,1032070
9,3,1032070
9,4,1032070
9,5,1032070
9,6,1032070
9,7,1032070
9,8,1032070
9,9,1032070
9,10,1032070
9,11,1032070
10,1,1032066
10,2,769922
10,3,769922
10,4,769922
10,5,769922
10,6,769922
10,7,769922
10,8,769922
10,9,769922
10,10,769922
10,11,769922
1,1,1032068
1,2,1032068
1,3,1032068
1,4,1048452
1,5,1048452
1,6,1048452
1,7,1048452
1,8,1048452
1,9,1048452
1,10,1032068
1,11,1032068
2,1,1032068
2,2,1048452
2,3,1048452
2,4,1048452
2,5,1048452
2,6,1048452
2,7,1048452
2,8,1044356
2,9,1044352
2,10,1044352
2,11,1044352
3,1,1032068
3,2,1032068
3,3,1032068
3,4,1032068
3,5,1032068
3,6,1032068
3,7,1032068
3,8,1032068
3,9,1032068
3,10,1032068
3,11,1027972
4,1,1032068
4,2,1032064
4,3,1027968
4,4,1027968
4,5,1027968
4,6,896896
4,7,896896
4,8,896896
4,9,634752
4,10,634752
4,11,632704
5,1,1032068
5,2,1032068
5,3,1032068
5,4,1032068
5,5,1032068
5,6,1032068
5,7,1032068
5,8,1032068
5,9,1032068
5,10,1032068
5,11,1032068
6,1,1032068
6,2,1032068
6,3,1032068
6,4,1032069
6,5,1032069
6,6,1032069
6,7,1032069
6,8,1032069
6,9,1032069
6,10,1032069
6,11,1032069
7,1,1032068
7,2,1032068
7,3,1032064
7,4,1032064
7,5,1032064
7,6,1032064
7,7,1032064
7,8,1032064
7,9,1032064
7,10,1032064
7,11,1032064
8,1,1032068
8,2,1032068
8,3,1032069
8,4,1032069
8,5,1032069
8,6,1032069
8,7,1032069
8,8,1032069
8,9,1032069
8,10,1032069
8,11,1032069
9,1,1032068
9,2,1032068
9,3,1032068
9,4,1032068
9,5,1032068
9,6,1032068
9,7,1027972
9,8,1027972
9,9,1027972
9,10,1027972
9,11,1027972
10,1,1032068
10,2,1032068
10,3,1032068
10,4,1032068
10,5,1032068
10,6,1032068
10,7,1032068
10,8,1027972
10,9,1027972
10,10,1027972
10,11,1027972
1,1,1032070
1,2,1032070
1,3,1032070
1,4,1032070
1,5,1032070
1,6,1032070
1,7,1032070
1,8,1032070
1,9,1032070
1,10,1032070
1,11,900998
2,1,1032070
2,2,1032070
2,3,1032070
2,4,1048454
2,5,1048454
2,6,1048454
2,7,1048454
2,8,1048454
2,9,1044358
2,10,1042310
2,11,1042310
3,1,1032070
3,2,1032070
3,3,1032102
3,4,1032102
3,5,1028006
3,6,1028006
3,7,1028006
3,8,1028006
3,9,1025958
3,10,1025958
3,11,1025958
4,1,1032070
4,2,1032070
4,3,1032070
4,4,1032070
4,5,1048454
4,6,1048454
4,7,1048452
4,8,1048452
4,9,1048452
4,10,1048452
4,11,1048452
5,1,1032070
5,2,1032070
5,3,1031814
5,4,1031814
5,5,1031814
5,6,1031814
5,7,1027718
5,8,1027974
5,9,1027974
5,10,1027974
5,11,1027974
6,1,1032070
6,2,1032070
6,3,1032068
6,4,1032068
6,5,1032068
6,6,769924
6,7,1032068
6,8,1027972
6,9,1027972
6,10,1027972
6,11,1027972
7,1,1032070
7,2,1032070
7,3,1032070
7,4,1032070
7,5,1027974
7,6,1027974
7,7,1027974
7,8,1027974
7,9,1027974
7,10,1025926
7,11,1025670
8,1,1032070
8,2,1032070
8,3,1032070
8,4,1032070
8,5,1032070
8,6,1027974
8,7,1025926
8,8,1025926
8,9,1025926
8,10,1025926
8,11,1025926
9,1,1032070
9,2,1032070
9,3,1032070
9,4,1032070
9,5,1032070
9,6,1032071
9,7,1032071
9,8,1032071
9,9,1032071
9,10,1032071
9,11,1032071
10,1,1032070
10,2,1032070
10,3,1032070
10,4,1032070
10,5,507782
10,6,507782
10,7,507782
10,8,507782
10,9,507782
10,10,507782
10,11,507783
1,1,1032071
1,2,1032071
1,3,1048455
1,4,1048455
1,5,1048455
1,6,1048455
1,7,1044359
1,8,1044367
1,9,1044367
1,10,1044367
1,11,1044367
2,1,1032071
2,2,1032071
2,3,1032071
2,4,1032071
2,5,1032071
2,6,1032071
2,7,1032071
2,8,1032071
2,9,1032071
2,10,1032071
2,11,1032071
3,1,1032071
3,2,1031815
3,3,1031815
3,4,1031823
3,5,1032079
3,6,1032079
3,7,1032079
3,8,1032079
3,9,1032079
3,10,1032079
3,11,1032079
4,1,1032071
4,2,1032071
4,3,1032071
4,4,1032071
4,5,1032071
4,6,1032071
4,7,1032071
4,8,1032071
4,9,1032071
4,10,1027975
4,11,1027975
5,1,1032071
5,2,1032071
5,3,1032071
5,4,1032071
5,5,1031815
5,6,1031687
5,7,1031687
5,8,1031687
5,9,1031687
5,10,1031687
5,11,1031687
6,1,1032071
6,2,1032071
6,3,1032071
6,4,1032071
6,5,1032071
6,6,1030023
6,7,1030023
6,8,1030023
6,9,1030022
6,10,1025926
6,11,763782
7,1,1032071
7,2,1032071
7,3,1032071
7,4,1032071
7,5,1032071
7,6,1032071
7,7,1032067
7,8,1032067
7,9,1023875
7,10,1023875
7,11,1023875
8,1,1032071
8,2,1032071
8,3,1032070
8,4,1032070
8,5,1032070
8,6,1032070
8,7,1032070
8,8,1032070
8,9,1032070
8,10,1032070
8,11,1027974
9,1,1032071
9,2,769927
9,3,769927
9,4,769927
9,5,769927
9,6,761735
9,7,761735
9,8,761735
9,9,761735
9,10,769927
9,11,769927
10,1,1032071
10,2,1032070
10,3,1032070
10,4,1032070
10,5,1032070
10,6,900998
10,7,900998
10,8,900998
10,9,900998
10,10,376710
10,11,376710
1,1,1032102
1,2,1032102
1,3,1032102
1,4,1032102
1,5,1032102
1,6,1032102
1,7,1032102
1,8,1032102
1,9,1032102
1,10,1032102
1,11,1032102
2,1,1032102
2,2,1032102
2,3,1032102
2,4,1032102
2,5,1032102
2,6,1032102
2,7,1032102
2,8,1032102
2,9,1048486
2,10,1048486
2,11,1048486
3,1,1032102
3,2,1032102
3,3,1032102
3,4,769958
3,5,769958
3,6,769958
3,7,769958
3,8,769926
3,9,769958
3,10,769958
3,11,769958
4,1,1032102
4,2,1032102
4,3,1032102
4,4,1032102
4,5,1032102
4,6,1032102
4,7,1032102
4,8,1032102
4,9,1032102
4,10,1032102
4,11,1032102
5,1,1032102
5,2,1032102
5,3,1032102
5,4,1032102
5,5,1032102
5,6,507814
5,7,507814
5,8,507814
5,9,507814
5,10,507782
5,11,507782
6,1,1032102
6,2,1032102
6,3,1032102
6,4,1032102
6,5,1032102
6,6,1048486
6,7,1048486
6,8,1048486
6,9,1048486
6,10,917414
6,11,913318
7,1,1032102
7,2,1032102
7,3,1028006
7,4,1028006
7,5,1028006
7,6,1028006
7,7,1028006
7,8,1028006
7,9,1028006
7,10,1028007
7,11,1028007
8,1,1032102
8,2,1032102
8,3,1032102
8,4,1032102
8,5,1032102
8,6,1032102
8,7,1032102
8,8,1032102
8,9,1032102
8,10,1032102
8,11,1032102
9,1,1032102
9,2,1032102
9,3,1032102
9,4,1032102
9,5,1032102
9,6,1032102
9,7,1032102
9,8,1032102
9,9,1032102
9,10,1032102
9,11,1032102
10,1,1032102
10,2,1032110
10,3,1032110
10,4,1032110
10,5,1032110
10,6,1032110
10,7,1032110
10,8,1032110
10,9,1032110
10,10,1032102
10,11,1032103
1,1,1032110
1,2,1032110
1,3,1032110
1,4,1023918
1,5,1023918
1,6,1023918
1,7,1023918
1,8,1023918
1,9,1023934
1,10,1023998
1,11,1023998
2,1,1032110
2,2,1032110
2,3,769966
2,4,769966
2,5,1032110
2,6,1032110
2,7,1032110
2,8,1032110
2,9,1032110
2,10,1048494
2,11,524206
3,1,1032110
3,2,1032110
3,3,1032110
3,4,1032110
3,5,1032102
3,6,1032070
3,7,1032070
3,8,1032070
3,9,1032071
3,10,1032071
3,11,1032071
4,1,1032110
4,2,1032110
4,3,1032110
4,4,1032110
4,5,1032078
4,6,1032078
4,7,1032078
4,8,1032078
4,9,1032078
4,10,1032078
4,11,1032078
5,1,1032110
5,2,1032110
5,3,1032110
5,4,1031854
5,5,1031846
5,6,1032102
5,7,507814
5,8,507814
5,9,507814
5,10,507814
5,11,1032102
6,1,1032110
6,2,1032110
6,3,1032110
6,4,1023918
6,5,1021870
6,6,1030062
6,7,1025966
6,8,1025966
6,9,1025966
6,10,1025966
6,11,1017774
7,1,1032110
7,2,1032110
7,3,1032078
7,4,1032078
7,5,1032078
7,6,507790
7,7,507790
7,8,507790
7,9,507790
7,10,507790
7,11,507790
8,1,1032110
8,2,1032110
8,3,1032110
8,4,1032110
8,5,1032110
8,6,1031598
8,7,1031598
8,8,1032110
8,9,1032110
8,10,1032110
8,11,1032110
9,1,1032110
9,2,507822
9,3,507822
9,4,507814
9,5,507814
9,6,507814
9,7,507782
9,8,524166
9,9,524166
9,10,524166
9,11,524166
10,1,1032110
10,2,1032111
10,3,1032111
10,4,1032111
10,5,1032111
10,6,1032111
10,7,1032111
10,8,1032111
10,9,1032111
10,10,1032111
10,11,1032111
1,1,1032119
1,2,769975
1,3,769975
1,4,769975
1,5,769975
1,6,769943
1,7,769943
1,8,769943
1,9,769943
1,10,769927
1,11,769927
2,1,1032119
2,2,1032119
2,3,1032119
2,4,1032103
2,5,1032103
2,6,1048487
2,7,1048487
2,8,1048487
2,9,786343
2,10,786343
2,11,786343
3,1,1032119
3,2,1032119
3,3,1032119
3,4,1032127
3,5,1032126
3,6,1032126
3,7,1032126
3,8,1032126
3,9,1032126
3,10,1032126
3,11,1032126
4,1,1032119
4,2,1032119
4,3,1048503
4,4,1048502
4,5,1048502
4,6,1048502
4,7,1048502
4,8,786358
4,9,769974
4,10,769974
4,11,769942
5,1,1032119
5,2,1032119
5,3,1032119
5,4,1032115
5,5,1032114
5,6,1032082
5,7,1031954
5,8,1031954
5,9,1031958
5,10,1031958
5,11,1031958
6,1,1032119
6,2,1032119
6,3,1032119
6,4,1032087
6,5,1032119
6,6,1032119
6,7,1032119
6,8,1032119
6,9,1032119
6,10,1032119
6,11,1032119
7,1,1032119
7,2,1032119
7,3,1032119
7,4,1032119
7,5,1048503
7,6,1048503
7,7,1048503
7,8,1048503
7,9,1048487
7,10,1048485
7,11,1048485
8,1,1032119
8,2,1032119
8,3,1032119
8,4,1032119
8,5,1032119
8,6,1032119
8,7,1032119
8,8,1032119
8,9,1032119
8,10,1032119
8,11,1032119
9,1,1032119
9,2,1032119
9,3,1032119
9,4,769975
9,5,769975
9,6,769975
9,7,769975
9,8,704439
9,9,966583
9,10,966583
9,11,966583
10,1,1032119
10,2,1032119
10,3,1032119
10,4,1032119
10,5,1032119
10,6,1032127
10,7,1032127
10,8,1032127
10,9,1032127
10,10,1032127
10,11,769983
1,1,1033090
1,2,1033090
1,3,1033090
1,4,1033090
1,5,1033090
1,6,1033090
1,7,1033090
1,8,1033090
1,9,1032962
1,10,1041154
1,11,1042178
2,1,1033090
2,2,1033090
2,3,508802
2,4,508802
2,5,508802
2,6,508802
2,7,508806
2,8,509830
2,9,509830
2,10,509830
2,11,509830
3,1,1033090
3,2,1033090
3,3,1033090
3,4,1034114
3,5,1034114
3,6,1034114
3,7,1034114
3,8,1034114
3,9,1034114
3,10,1034114
3,11,1034114
4,1,1033090
4,2,1033090
4,3,508802
4,4,508802
4,5,508802
4,6,377730
4,7,377730
4,8,377730
4,9,377728
4,10,377728
4,11,377728
5,1,1033090
5,2,1016706
5,3,1016706
5,4,1016706
5,5,1017730
5,6,1017730
5,7,1017730
5,8,1017730
5,9,1017730
5,10,1017734
5,11,1017734
6,1,1033090
6,2,1016706
6,3,1016710
6,4,1016710
6,5,1016710
6,6,1016710
6,7,1016710
6,8,1016710
6,9,1024902
6,10,1024774
6,11,1024774
7,1,1033090
7,2,1033090
7,3,1033090
7,4,1041282
7,5,1033090
7,6,1033090
7,7,1033090
7,8,1033090
7,9,1033088
7,10,1041280
7,11,1041280
8,1,1033090
8,2,1033090
8,3,1033090
8,4,1033090
8,5,1033090
8,6,1033090
8,7,1033090
8,8,1033090
8,9,1033090
8,10,1033090
8,11,1033090
9,1,1033090
9,2,1033090
9,3,1033090
9,4,1016706
9,5,1016706
9,6,1016706
9,7,1016706
9,8,1016706
9,9,1016706
9,10,1016706
9,11,1016706
10,1,1033090
10,2,1033094
10,3,1033094
10,4,1033094
10,5,1033094
10,6,1033094
10,7,1041286
10,8,1041286
10,9,1041286
10,10,1041286
10,11,1041286
1,1,1033990
1,2,1033990
1,3,509702
1,4,509830
1,5,509702
1,6,493318
1,7,493446
1,8,501638
1,9,501638
1,10,1025926
1,11,1025926
2,1,1033990
2,2,1033991
2,3,1033991
2,4,1033991
2,5,1033991
2,6,1033735
2,7,1041927
2,8,1041927
2,9,1041927
2,10,1041927
2,11,1041927
3,1,1033990
3,2,1042182
3,3,1042182
3,4,1042310
3,5,1034118
3,6,1034118
3,7,1034118
3,8,1034118
3,9,1034118
3,10,509830
3,11,493446
4,1,1033990
4,2,1033990
4,3,1033990
4,4,1033990
4,5,1033990
4,6,1033990
4,7,1033990
4,8,1033990
4,9,1033990
4,10,1034118
4,11,1034118
5,1,1033990
5,2,1033990
5,3,1042182
5,4,1042182
5,5,1042182
5,6,1042182
5,7,1042182
5,8,1042182
5,9,1025798
5,10,1025798
5,11,1025798
6,1,1033990
6,2,1033990
6,3,1033990
6,4,1033990
6,5,1033990
6,6,1033990
6,7,1033990
6,8,1033990
6,9,1036038
6,10,1036038
6,11,1036038
7,1,1033990
7,2,1033990
7,3,1033990
7,4,1034118
7,5,1034118
7,6,1034118
7,7,1034118
7,8,1042310
7,9,1042310
7,10,1042310
7,11,1042310
8,1,1033990
8,2,1033990
8,3,1034118
8,4,1042310
8,5,1042310
8,6,1042310
8,7,1042310
8,8,1042310
8,9,1042310
8,10,1042310
8,11,1044358
9,1,1033990
9,2,1017606
9,3,1017606
9,4,1017606
9,5,493318
9,6,493318
9,7,493318
9,8,493318
9,9,493318
9,10,493318
9,11,493318
10,1,1033990
10,2,1033990
10,3,1033990
10,4,1033990
10,5,1033986
10,6,1033986
10,7,1033986
10,8,509698
10,9,509698
10,10,509698
10,11,508674
1,1,1036215
1,2,1036215
1,3,1036215
1,4,1036215
1,5,1036215
1,6,1036215
1,7,1040311
1,8,1040311
1,9,1040311
1,10,1040311
1,11,1040311
2,1,1036215
2,2,1036215
2,3,1036199
2,4,1035943
2,5,1035943
2,6,1035943
2,7,1035943
2,8,1035943
2,9,1035943
2,10,1035942
2,11,1033894
3,1,1036215
3,2,1019831
3,3,1019815
3,4,1019831
3,5,1019831
3,6,1019831
3,7,1023927
3,8,1023927
3,9,1023927
3,10,1023895
3,11,1023895
4,1,1036215
4,2,1035191
4,3,1035191
4,4,1043383
4,5,1043383
4,6,1043383
4,7,1044407
4,8,1044407
4,9,1044407
4,10,1044407
4,11,1044407
5,1,1036215
5,2,1036215
5,3,1036215
5,4,1036215
5,5,1036215
5,6,1034167
5,7,1034135
5,8,1034135
5,9,1034135
5,10,1034135
5,11,1034135
6,1,1036215
6,2,1036215
6,3,1036215
6,4,1036215
6,5,1036211
6,6,1036211
6,7,1034163
6,8,1034163
6,9,1034163
6,10,1034167
6,11,772023
7,1,1036215
7,2,1036215
7,3,1036215
7,4,1036215
7,5,1036215
7,6,1036215
7,7,1036215
7,8,1036215
7,9,1036215
7,10,1036215
7,11,1036215
8,1,1036215
8,2,1036215
8,3,1036215
8,4,1036215
8,5,1036215
8,6,1036215
8,7,1036215
8,8,1036215
8,9,1036215
8,10,1036215
8,11,1036199
9,1,1036215
9,2,1036215
9,3,1036199
9,4,1036199
9,5,1036199
9,6,1036199
9,7,1036199
9,8,1035175
9,9,1035175
9,10,1035175
9,11,1035175
10,1,1036215
10,2,1036215
10,3,1036215
10,4,1035191
10,5,1035191
10,6,1035191
10,7,1035191
10,8,773047
10,9,773047
10,10,773015
10,11,773015
1,1,1040896
1,2,1040896
1,3,1040896
1,4,1040896
1,5,1040896
1,6,1040896
1,7,1040896
1,8,1040896
1,9,1040896
1,10,1040896
1,11,778752
2,1,1040896
2,2,1040896
2,3,1040896
2,4,1040896
2,5,1041920
2,6,1041920
2,7,1041920
2,8,1041920
2,9,1041920
2,10,1041920
2,11,1042048
3,1,1040896
3,2,1040896
3,3,1040896
3,4,1040896
3,5,1040896
3,6,1024512
3,7,1024768
3,8,1024768
3,9,1025792
3,10,1025796
3,11,1025796
4,1,1040896
4,2,1040384
4,3,1040384
4,4,1040384
4,5,1040384
4,6,1040384
4,7,1040384
4,8,1040385
4,9,1040385
4,10,1040385
4,11,1040385
5,1,1040896
5,2,516608
5,3,516608
5,4,516608
5,5,516608
5,6,385536
5,7,385536
5,8,385536
5,9,385536
5,10,385536
5,11,385536
6,1,1040896
6,2,1040896
6,3,1040896
6,4,1040896
6,5,1040896
6,6,1040896
6,7,1040896
6,8,1040896
6,9,1040896
6,10,1040896
6,11,1040896
7,1,1040896
7,2,1040896
7,3,1040896
7,4,1040896
7,5,1040897
7,6,1040897
7,7,1040897
7,8,1040897
7,9,1040897
7,10,1040897
7,11,1040897
8,1,1040896
8,2,1040896
8,3,778752
8,4,778752
8,5,779776
8,6,779776
8,7,779776
8,8,779776
8,9,779776
8,10,779776
8,11,779776
9,1,1040896
9,2,1040896
9,3,1008128
9,4,483840
9,5,516608
9,6,516608
9,7,516608
9,8,516608
9,9,516608
9,10,516608
9,11,516608
10,1,1040896
10,2,1040896
10,3,1040896
10,4,1040896
10,5,1040896
10,6,1041024
10,7,1041024
10,8,1041024
10,9,1041024
10,10,516736
10,11,516736
1,1,1040902
1,2,1040902
1,3,909830
1,4,909830
1,5,909830
1,6,909830
1,7,909830
1,8,909830
1,9,909830
1,10,909830
1,11,909830
2,1,1040902
2,2,1040902
2,3,1040902
2,4,1040902
2,5,1040902
2,6,1040902
2,7,1040902
2,8,1040902
2,9,1040902
2,10,1040902
2,11,1042950
3,1,1040902
3,2,1040902
3,3,1040902
3,4,1040902
3,5,1040902
3,6,1040902
3,7,1040902
3,8,1040902
3,9,1040902
3,10,1040902
3,11,1040902
4,1,1040902
4,2,1040902
4,3,1040902
4,4,1040902
4,5,1040902
4,6,1040902
4,7,1040902
4,8,1040902
4,9,1040902
4,10,1041926
4,11,1041926
5,1,1040902
5,2,1040902
5,3,1040902
5,4,1040902
5,5,1040902
5,6,1040902
5,7,1040900
5,8,1040900
5,9,1040900
5,10,1040900
5,11,1040900
6,1,1040902
6,2,1040902
6,3,1040902
6,4,1040902
6,5,1040902
6,6,1040902
6,7,1040902
6,8,1040902
6,9,1040902
6,10,909830
6,11,909828
7,1,1040902
7,2,1040902
7,3,1040902
7,4,1040902
7,5,1040902
7,6,1024518
7,7,1024518
7,8,1024518
7,9,1024518
7,10,1024518
7,11,1024516
8,1,1040902
8,2,1040902
8,3,1040902
8,4,1040903
8,5,1040901
8,6,1040901
8,7,1041157
8,8,1041285
8,9,1041285
8,10,1041285
8,11,1041285
9,1,1040902
9,2,1040902
9,3,1040902
9,4,1040902
9,5,516614
9,6,516614
9,7,516614
9,8,516614
9,9,385542
9,10,385542
9,11,385542
10,1,1040902
10,2,1040902
10,3,1040902
10,4,1040902
10,5,1040902
10,6,1040902
10,7,1040902
10,8,1040902
10,9,1040902
10,10,1040902
10,11,1040902
1,1,1041024
1,2,1041024
1,3,1041024
1,4,1041024
1,5,1041024
1,6,1041280
1,7,1041280
1,8,1041280
1,9,1041280
1,10,1041024
1,11,1041024
2,1,1041024
2,2,1041024
2,3,909952
2,4,909952
2,5,909952
2,6,909952
2,7,909952
2,8,909952
2,9,909952
2,10,909952
2,11,910976
3,1,1041024
3,2,1041024
3,3,1041024
3,4,1041024
3,5,1041280
3,6,1041280
3,7,1041280
3,8,1041280
3,9,1041280
3,10,1041280
3,11,1041280
4,1,1041024
4,2,1041025
4,3,1041025
4,4,1041025
4,5,1041025
4,6,1041025
4,7,1041025
4,8,1041025
4,9,1041025
4,10,1041025
4,11,1041025
5,1,1041024
5,2,1041024
5,3,1041024
5,4,1041024
5,5,1041024
5,6,1041024
5,7,1041024
5,8,1041024
5,9,1041024
5,10,1041024
5,11,1041024
6,1,1041024
6,2,1041024
6,3,1041024
6,4,1041024
6,5,1041024
6,6,1041024
6,7,1041024
6,8,1041024
6,9,1041024
6,10,1041024
6,11,1041024
7,1,1041024
7,2,1041024
7,3,1040896
7,4,1041024
7,5,1041024
7,6,1041024
7,7,1041024
7,8,1041024
7,9,1041024
7,10,1041024
7,11,1041024
8,1,1041024
8,2,1041024
8,3,1041024
8,4,1041024
8,5,1041024
8,6,1041024
8,7,1041024
8,8,1041024
8,9,1040512
8,10,1040512
8,11,516224
9,1,1041024
9,2,1041024
9,3,1041024
9,4,1041024
9,5,1042048
9,6,1042048
9,7,1042048
9,8,1042048
9,9,1042048
9,10,1042048
9,11,1042048
10,1,1041024
10,2,909952
10,3,909952
10,4,909952
10,5,909952
10,6,909952
10,7,909952
10,8,909952
10,9,909952
10,10,909952
10,11,909952
1,1,1041280
1,2,1041280
1,3,1041280
1,4,1041280
1,5,1041280
1,6,1041280
1,7,1041280
1,8,516992
1,9,516992
1,10,516992
1,11,516992
2,1,1041280
2,2,1041280
2,3,1041280
2,4,1041280
2,5,1041280
2,6,1041280
2,7,1041280
2,8,1041280
2,9,1041280
2,10,1041280
2,11,1041280
3,1,1041280
3,2,1041280
3,3,1041280
3,4,1041280
3,5,1041280
3,6,1041280
3,7,1024896
3,8,1024896
3,9,1024896
3,10,1024896
3,11,1024896
4,1,1041280
4,2,1041280
4,3,1041280
4,4,1041280
4,5,1041280
4,6,1041280
4,7,1041280
4,8,1041280
4,9,1041280
4,10,1041280
4,11,1041280
5,1,1041280
5,2,1041280
5,3,1041280
5,4,1041280
5,5,516992
5,6,516992
5,7,516992
5,8,516992
5,9,516992
5,10,516992
5,11,484224
6,1,1041280
6,2,1041280
6,3,1041280
6,4,1041282
6,5,1041282
6,6,1041282
6,7,1041282
6,8,1041282
6,9,1041282
6,10,1041282
6,11,1041282
7,1,1041280
7,2,910208
7,3,910208
7,4,910208
7,5,385920
7,6,385920
7,7,385920
7,8,385920
7,9,385664
7,10,385664
7,11,385664
8,1,1041280
8,2,1041284
8,3,1041284
8,4,1041284
8,5,1041284
8,6,1041284
8,7,1041284
8,8,1041284
8,9,1041284
8,10,1041285
8,11,1041285
9,1,1041280
9,2,1041280
9,3,1041280
9,4,1041284
9,5,1041280
9,6,1041280
9,7,1041280
9,8,1041280
9,9,1024896
9,10,1024896
9,11,1024896
10,1,1041280
10,2,1041280
10,3,1041280
10,4,1041280
10,5,1041280
10,6,1041280
10,7,1041280
10,8,1041280
10,9,1041280
10,10,1041280
10,11,1041280
1,1,1041286
1,2,1041286
1,3,1041286
1,4,1041286
1,5,1041286
1,6,1041286
1,7,1041286
1,8,910214
1,9,648070
1,10,648070
1,11,648070
2,1,1041286
2,2,1041286
2,3,1041286
2,4,1041286
2,5,1041286
2,6,1042310
2,7,1042310
2,8,1044358
2,9,1044358
2,10,913286
2,11,1044358
3,1,1041286
3,2,1041286
3,3,1041286
3,4,1041286
3,5,1041287
3,6,910215
3,7,910215
3,8,911239
3,9,911239
3,10,911239
3,11,911239
4,1,1041286
4,2,1041286
4,3,1041286
4,4,1041286
4,5,1041286
4,6,1041286
4,7,1041286
4,8,1041286
4,9,1041286
4,10,1041286
4,11,910214
5,1,1041286
5,2,1041286
5,3,1041286
5,4,1041286
5,5,1041286
5,6,1041286
5,7,1041286
5,8,516998
5,9,516998
5,10,516998
5,11,516998
6,1,1041286
6,2,1041286
6,3,1041286
6,4,1042310
6,5,1042310
6,6,1042310
6,7,1042310
6,8,1042310
6,9,1042310
6,10,1042310
6,11,1042310
7,1,1041286
7,2,1041286
7,3,1041286
7,4,1041286
7,5,1041286
7,6,1041286
7,7,1041286
7,8,1041286
7,9,1041287
7,10,1041287
7,11,1041287
8,1,1041286
8,2,1041286
8,3,1042310
8,4,518022
8,5,516998
8,6,508806
8,7,508806
8,8,508806
8,9,508806
8,10,508678
8,11,492294
9,1,1041286
9,2,1041286
9,3,1041286
9,4,1041286
9,5,1041286
9,6,1041286
9,7,1042310
9,8,1042310
9,9,1042310
9,10,1042310
9,11,1042310
10,1,1041286
10,2,1041286
10,3,1041286
10,4,1041286
10,5,1041286
10,6,1041286
10,7,1041286
10,8,1041286
10,9,1041286
10,10,1041286
10,11,1041286
1,1,1041287
1,2,1041287
1,3,1041287
1,4,1041287
1,5,1041287
1,6,1041286
1,7,1041282
1,8,1043330
1,9,1043330
1,10,1043330
1,11,1043330
2,1,1041287
2,2,1041287
2,3,1041287
2,4,1041286
2,5,1041286
2,6,1041286
2,7,516998
2,8,516998
2,9,516998
2,10,516998
2,11,516998
3,1,1041287
3,2,1041287
3,3,1041287
3,4,1041287
3,5,1041287
3,6,1042311
3,7,518023
3,8,518023
3,9,518023
3,10,518023
3,11,518021
4,1,1041287
4,2,1041287
4,3,1041287
4,4,1041287
4,5,1024903
4,6,1024903
4,7,1024903
4,8,1024903
4,9,1024903
4,10,1016711
4,11,1016711
5,1,1041287
5,2,1041287
5,3,1041287
5,4,1041287
5,5,1041287
5,6,1041287
5,7,1041287
5,8,1041287
5,9,1041287
5,10,1041287
5,11,1041287
6,1,1041287
6,2,1041287
6,3,1041287
6,4,1041287
6,5,1041287
6,6,1041287
6,7,1041287
6,8,1041287
6,9,1041287
6,10,1041287
6,11,1041287
7,1,1041287
7,2,1041287
7,3,1043335
7,4,1043335
7,5,1043335
7,6,1043335
7,7,1041287
7,8,1041287
7,9,1041287
7,10,1041287
7,11,1041287
8,1,1041287
8,2,1041287
8,3,1041287
8,4,1041287
8,5,1041287
8,6,1041287
8,7,1041287
8,8,1041287
8,9,1041287
8,10,1043335
8,11,1043335
9,1,1041287
9,2,1041287
9,3,1041287
9,4,1041287
9,5,1041287
9,6,1041287
9,7,1041287
9,8,1041287
9,9,1041287
9,10,1041287
9,11,1041287
10,1,1041287
10,2,1041287
10,3,1041287
10,4,1041287
10,5,1041287
10,6,1041287
10,7,1041287
10,8,1041287
10,9,1041287
10,10,1041287
10,11,1042311
1,1,1041288
1,2,1041288
1,3,1041288
1,4,1041289
1,5,1041289
1,6,1041289
1,7,1041289
1,8,1043337
1,9,1043337
1,10,1043329
1,11,1043328
2,1,1041288
2,2,1041288
2,3,1041288
2,4,1041288
2,5,1041288
2,6,1041288
2,7,1041288
2,8,1041288
2,9,1041288
2,10,1041288
2,11,1041288
3,1,1041288
3,2,1041288
3,3,1041288
3,4,1041288
3,5,1041288
3,6,1041288
3,7,1041288
3,8,1041288
3,9,1041288
3,10,1041032
3,11,1041032
4,1,1041288
4,2,1041288
4,3,1041288
4,4,517000
4,5,517000
4,6,517000
4,7,517000
4,8,517000
4,9,517000
4,10,517000
4,11,517000
5,1,1041288
5,2,1041289
5,3,1041289
5,4,1041289
5,5,1041289
5,6,1041289
5,7,1041281
5,8,1041280
5,9,1041280
5,10,1041280
5,11,1041280
6,1,1041288
6,2,1041288
6,3,1041288
6,4,1041288
6,5,1041288
6,6,1041288
6,7,1041288
6,8,1041288
6,9,1041288
6,10,1041289
6,11,1041289
7,1,1041288
7,2,1041288
7,3,1042312
7,4,1042313
7,5,1042313
7,6,1042313
7,7,1042313
7,8,1042315
7,9,1042315
7,10,1042319
7,11,1042311
8,1,1041288
8,2,1041288
8,3,1041160
8,4,1041160
8,5,1041152
8,6,1041152
8,7,1041152
8,8,1041152
8,9,1041152
8,10,1041152
8,11,1041152
9,1,1041288
9,2,1041288
9,3,517000
9,4,517000
9,5,517000
9,6,516992
9,7,516992
9,8,500608
9,9,500608
9,10,500608
9,11,500608
10,1,1041288
10,2,1041288
10,3,1041288
10,4,1041288
10,5,1041288
10,6,1041288
10,7,1043336
10,8,1026952
10,9,1026952
10,10,1031048
10,11,1031048
1,1,1041920
1,2,1041920
1,3,1041922
1,4,1041922
1,5,1041922
1,6,1043970
1,7,1043970
1,8,1043970
1,9,1043970
1,10,1043970
1,11,1043970
2,1,1041920
2,2,1041922
2,3,1041922
2,4,1041922
2,5,1041926
2,6,1043974
2,7,1043974
2,8,1043974
2,9,1043974
2,10,1041926
2,11,1041926
3,1,1041920
3,2,1025536
3,3,1025536
3,4,1025536
3,5,1025536
3,6,1025536
3,7,1025536
3,8,1025536
3,9,1025536
3,10,1025536
3,11,1025536
4,1,1041920
4,2,1041921
4,3,1041921
4,4,1041921
4,5,1040897
4,6,1040897
4,7,1040897
4,8,1040897
4,9,1040897
4,10,1040897
4,11,1040897
5,1,1041920
5,2,1041920
5,3,1041920
5,4,1041920
5,5,1041920
5,6,1041920
5,7,1041920
5,8,1041920
5,9,1041408
5,10,1041408
5,11,1041920
6,1,1041920
6,2,1041920
6,3,1041920
6,4,1041920
6,5,1041920
6,6,1041920
6,7,1041920
6,8,1041920
6,9,1041920
6,10,1041920
6,11,1041920
7,1,1041920
7,2,1042048
7,3,1042048
7,4,779904
7,5,779904
7,6,779904
7,7,778880
7,8,778880
7,9,778880
7,10,778880
7,11,778880
8,1,1041920
8,2,1041920
8,3,1041920
8,4,1041920
8,5,1041920
8,6,1043968
8,7,1044224
8,8,1044224
8,9,1044224
8,10,1043200
8,11,1043200
9,1,1041920
9,2,1041920
9,3,1041920
9,4,1040896
9,5,1040896
9,6,1040896
9,7,1041920
9,8,1041920
9,9,1041920
9,10,1042048
9,11,1042304
10,1,1041920
10,2,1041920
10,3,1041920
10,4,1041920
10,5,1041920
10,6,1041920
10,7,1025536
10,8,1025536
10,9,1025536
10,10,1025536
10,11,1025536
