simulation,timestep,config_id
1,1,1041922
1,2,1041922
1,3,1041922
1,4,1042178
1,5,911106
1,6,910850
1,7,910850
1,8,910850
1,9,910850
1,10,910850
1,11,910854
2,1,1041922
2,2,1041922
2,3,1040898
2,4,1041026
2,5,1041026
2,6,1041026
2,7,1041026
2,8,1041026
2,9,1042050
2,10,1042050
2,11,1042048
3,1,1041922
3,2,1041926
3,3,1041926
3,4,1025542
3,5,1025542
3,6,894470
3,7,894470
3,8,894470
3,9,894470
3,10,894470
3,11,894470
4,1,1041922
4,2,1041922
4,3,1041926
4,4,1041926
4,5,1041926
4,6,1041926
4,7,1041926
4,8,1041926
4,9,1041926
4,10,1041926
4,11,1041922
5,1,1041922
5,2,1041922
5,3,1041922
5,4,1041922
5,5,1041922
5,6,1041922
5,7,1041922
5,8,1041922
5,9,1041920
5,10,1041920
5,11,1041920
6,1,1041922
6,2,1041922
6,3,1042178
6,4,1042178
6,5,1042306
6,6,1042314
6,7,1042312
6,8,1042312
6,9,1042312
6,10,1042312
6,11,1042304
7,1,1041922
7,2,1025538
7,3,1025538
7,4,1025538
7,5,1025538
7,6,1025538
7,7,1027586
7,8,1027590
7,9,1027590
7,10,1027590
7,11,1027590
8,1,1041922
8,2,910850
8,3,1041922
8,4,1041926
8,5,1041926
8,6,1041926
8,7,1041926
8,8,1041926
8,9,1041926
8,10,1041926
8,11,1041926
9,1,1041922
9,2,1040898
9,3,1040896
9,4,1040896
9,5,516608
9,6,517632
9,7,255488
9,8,255488
9,9,255488
9,10,255488
9,11,255488
10,1,1041922
10,2,1041922
10,3,1041922
10,4,1041922
10,5,1041922
10,6,1041922
10,7,1041922
10,8,1041922
10,9,1040898
10,10,909826
10,11,1040898
1,1,1041926
1,2,1041926
1,3,1041926
1,4,1041926
1,5,1041922
1,6,1040898
1,7,1040898
1,8,1040898
1,9,1040898
1,10,1040898
1,11,975362
2,1,1041926
2,2,1041926
2,3,1041926
2,4,1041926
2,5,1041926
2,6,1041926
2,7,1041927
2,8,1041927
2,9,1041927
2,10,1041927
2,11,1041927
3,1,1041926
3,2,1041926
3,3,1041926
3,4,1043974
3,5,1043974
3,6,1043974
3,7,1043974
3,8,1043974
3,9,1043974
3,10,1043970
3,11,1043968
4,1,1041926
4,2,1041926
4,3,1041926
4,4,1041926
4,5,1041927
4,6,1041927
4,7,1025543
4,8,1025542
4,9,1025542
4,10,1025542
4,11,1025542
5,1,1041926
5,2,1041926
5,3,1041926
5,4,1041926
5,5,1025542
5,6,1025542
5,7,1025542
5,8,894470
5,9,896518
5,10,896518
5,11,896518
6,1,1041926
6,2,1041922
6,3,1041922
6,4,1041922
6,5,1041922
6,6,1041922
6,7,1041922
6,8,1041922
6,9,1041920
6,10,1041920
6,11,1041920
7,1,1041926
7,2,1041926
7,3,1041926
7,4,1041926
7,5,1041926
7,6,1041926
7,7,1025542
7,8,1025542
7,9,1025542
7,10,1025542
7,11,1025542
8,1,1041926
8,2,1041926
8,3,1041926
8,4,1041926
8,5,1041926
8,6,1041926
8,7,1041926
8,8,517638
8,9,517638
8,10,517636
8,11,517892
9,1,1041926
9,2,1041926
9,3,1041926
9,4,1041926
9,5,1025542
9,6,1025542
9,7,1025542
9,8,1025542
9,9,1025542
9,10,1025542
9,11,1025542
10,1,1041926
10,2,1041926
10,3,1041924
10,4,1033732
10,5,1017348
10,6,1017348
10,7,1017348
10,8,1017348
10,9,886276
10,10,885252
10,11,886276
1,1,1042054
1,2,1042054
1,3,1042054
1,4,1042054
1,5,1041926
1,6,1041926
1,7,1041926
1,8,1041926
1,9,1041926
1,10,1041927
1,11,1040903
2,1,1042054
2,2,1042054
2,3,1042054
2,4,1044102
2,5,1044102
2,6,1044102
2,7,1044102
2,8,1044102
2,9,1044102
2,10,1044102
2,11,1042054
3,1,1042054
3,2,1042054
3,3,1042054
3,4,1042310
3,5,1042310
3,6,1042310
3,7,1042310
3,8,1042310
3,9,1025926
3,10,1025926
3,11,1027974
4,1,1042054
4,2,1042054
4,3,1042054
4,4,1042054
4,5,1041030
4,6,1041030
4,7,1040902
4,8,1040902
4,9,1040902
4,10,1040902
4,11,1040902
5,1,1042054
5,2,1042054
5,3,1042054
5,4,1042054
5,5,1042054
5,6,1041030
5,7,1041030
5,8,1041030
5,9,1041030
5,10,1041030
5,11,1041030
6,1,1042054
6,2,1042054
6,3,1042310
6,4,1042310
6,5,1042310
6,6,1042310
6,7,1042310
6,8,1041286
6,9,1041286
6,10,1024902
6,11,1024902
7,1,1042054
7,2,1042054
7,3,1042054
7,4,1042054
7,5,1041926
7,6,1041926
7,7,1041926
7,8,1041926
7,9,1041926
7,10,1041926
7,11,1041926
8,1,1042054
8,2,1042054
8,3,1042054
8,4,1042054
8,5,1042054
8,6,1042054
8,7,1042054
8,8,1042054
8,9,1041030
8,10,1041030
8,11,1041030
9,1,1042054
9,2,1042054
9,3,1042054
9,4,1042054
9,5,1041030
9,6,1041030
9,7,1041030
9,8,1040902
9,9,1040898
9,10,1040898
9,11,1024514
10,1,1042054
10,2,1042054
10,3,1042054
10,4,1042054
10,5,1041030
10,6,1041030
10,7,1041030
10,8,1042054
10,9,1042054
10,10,1042054
10,11,1042054
1,1,1042304
1,2,1042305
1,3,1042305
1,4,1042305
1,5,1042305
1,6,1042305
1,7,1042305
1,8,1042305
1,9,1042305
1,10,1042305
1,11,1042305
2,1,1042304
2,2,1042304
2,3,1042304
2,4,1042304
2,5,1042304
2,6,1042304
2,7,1042304
2,8,1042304
2,9,1042304
2,10,1042304
2,11,1042304
3,1,1042304
3,2,1042304
3,3,1042304
3,4,1042304
3,5,1042304
3,6,1042304
3,7,1042304
3,8,1042304
3,9,1042304
3,10,1042304
3,11,1042304
4,1,1042304
4,2,1025920
4,3,1025920
4,4,1025920
4,5,1025920
4,6,1025920
4,7,1025922
4,8,1025922
4,9,1025922
4,10,1025922
4,11,1025922
5,1,1042304
5,2,1042304
5,3,1042304
5,4,1042304
5,5,1042304
5,6,1042304
5,7,1042304
5,8,1042304
5,9,1042304
5,10,1025920
5,11,1025920
6,1,1042304
6,2,1042304
6,3,1042304
6,4,1042304
6,5,1042304
6,6,1042304
6,7,1042304
6,8,1042304
6,9,1042304
6,10,1042304
6,11,1042304
7,1,1042304
7,2,1042304
7,3,1042304
7,4,1042304
7,5,1042304
7,6,1044352
7,7,1044352
7,8,1043328
7,9,1043328
7,10,1043328
7,11,1043328
8,1,1042304
8,2,1042304
8,3,1025920
8,4,1025920
8,5,763776
8,6,763776
8,7,632704
8,8,632704
8,9,632448
8,10,648832
8,11,648832
9,1,1042304
9,2,1042304
9,3,1042304
9,4,1042304
9,5,1042304
9,6,1042304
9,7,1042305
9,8,1042305
9,9,1042305
9,10,1042305
9,11,1042049
10,1,1042304
10,2,1025920
10,3,1025920
10,4,1025920
10,5,1017728
10,6,1017728
10,7,1017728
10,8,493440
10,9,493442
10,10,493442
10,11,493442
1,1,1042305
1,2,1042305
1,3,1041281
1,4,1041281
1,5,1041281
1,6,1041281
1,7,1041281
1,8,1041281
1,9,1041281
1,10,1042305
1,11,1042305
2,1,1042305
2,2,1042305
2,3,1042305
2,4,1042305
2,5,1042305
2,6,1042305
2,7,1042305
2,8,1042305
2,9,1042305
2,10,1041281
2,11,1041281
3,1,1042305
3,2,1042305
3,3,1046401
3,4,1046401
3,5,1046401
3,6,1046401
3,7,1046401
3,8,1046401
3,9,1046401
3,10,1046401
3,11,1046401
4,1,1042305
4,2,1042305
4,3,1042307
4,4,1042307
4,5,1042307
4,6,1042307
4,7,1042307
4,8,1042307
4,9,1042307
4,10,1042307
4,11,1042307
5,1,1042305
5,2,1042305
5,3,1042305
5,4,1042305
5,5,1041281
5,6,1041281
5,7,516993
5,8,516993
5,9,516993
5,10,516992
5,11,516992
6,1,1042305
6,2,1044353
6,3,1044353
6,4,1044353
6,5,1044353
6,6,1044353
6,7,1044353
6,8,1027969
6,9,1027969
6,10,1027969
6,11,1027969
7,1,1042305
7,2,1042307
7,3,1042307
7,4,1042307
7,5,1042307
7,6,1042307
7,7,1025923
7,8,1025923
7,9,1025923
7,10,1025923
7,11,1025923
8,1,1042305
8,2,1042305
8,3,1042305
8,4,1042305
8,5,1042305
8,6,1042305
8,7,1042305
8,8,1042305
8,9,1042305
8,10,1042304
8,11,1042304
9,1,1042305
9,2,1042305
9,3,1042305
9,4,1042304
9,5,1042305
9,6,1042305
9,7,1042305
9,8,1042305
9,9,1042305
9,10,1042305
9,11,1042305
10,1,1042305
10,2,1042305
10,3,1042305
10,4,1042305
10,5,1042305
10,6,1042305
10,7,1042305
10,8,1042307
10,9,1042307
10,10,1042311
10,11,1042311
1,1,1042306
1,2,1042306
1,3,1042306
1,4,1042306
1,5,1034114
1,6,1017730
1,7,493442
1,8,493442
1,9,493442
1,10,493442
1,11,493442
2,1,1042306
2,2,1042307
2,3,1042307
2,4,1042311
2,5,1042311
2,6,1042310
2,7,1042310
2,8,1042311
2,9,1042311
2,10,1042311
2,11,518023
3,1,1042306
3,2,1025922
3,3,1025922
3,4,763778
3,5,763778
3,6,763778
3,7,763778
3,8,763778
3,9,763778
3,10,763778
3,11,763778
4,1,1042306
4,2,1042306
4,3,1042306
4,4,1042306
4,5,1042050
4,6,1041922
4,7,1041922
4,8,1041922
4,9,1041922
4,10,1041922
4,11,1041922
5,1,1042306
5,2,1042306
5,3,1042306
5,4,1042306
5,5,1042306
5,6,1042306
5,7,1042306
5,8,1042306
5,9,1042306
5,10,1042306
5,11,1042306
6,1,1042306
6,2,1042306
6,3,1025922
6,4,1025930
6,5,1025930
6,6,1025930
6,7,1025930
6,8,1025930
6,9,501642
6,10,501642
6,11,501642
7,1,1042306
7,2,1042310
7,3,1042310
7,4,1042310
7,5,1041286
7,6,1042310
7,7,518022
7,8,518022
7,9,518022
7,10,518022
7,11,518022
8,1,1042306
8,2,1042306
8,3,1042306
8,4,1042050
8,5,1042050
8,6,1042050
8,7,1042050
8,8,1025666
8,9,1025666
8,10,1025670
8,11,1025670
9,1,1042306
9,2,1042306
9,3,1042306
9,4,1042306
9,5,1042306
9,6,1042306
9,7,1042306
9,8,1042306
9,9,1042306
9,10,1042306
9,11,1042306
10,1,1042306
10,2,1042306
10,3,1042306
10,4,1042307
10,5,1042307
10,6,1042307
10,7,1042307
10,8,1042307
10,9,1042307
10,10,1042307
10,11,1042305
1,1,1042311
1,2,1042311
1,3,1042311
1,4,1042311
1,5,1042055
1,6,1042311
1,7,1042311
1,8,1034119
1,9,509831
1,10,508807
1,11,516999
2,1,1042311
2,2,1042311
2,3,1042311
2,4,1042311
2,5,1042311
2,6,1042311
2,7,1042311
2,8,1042311
2,9,1042311
2,10,1042310
2,11,1042310
3,1,1042311
3,2,1042311
3,3,1042311
3,4,1042055
3,5,976519
3,6,976391
3,7,976391
3,8,976391
3,9,976391
3,10,714247
3,11,714247
4,1,1042311
4,2,1042311
4,3,1042311
4,4,1042311
4,5,1042311
4,6,1042311
4,7,1042311
4,8,1042311
4,9,1042311
4,10,1042311
4,11,1041287
5,1,1042311
5,2,1042311
5,3,1042311
5,4,1042310
5,5,1042310
5,6,1042310
5,7,1025926
5,8,1025926
5,9,1025926
5,10,1025926
5,11,1025926
6,1,1042311
6,2,1042311
6,3,1042311
6,4,1042311
6,5,1042311
6,6,1042311
6,7,1042311
6,8,1042311
6,9,1042311
6,10,1042311
6,11,1041287
7,1,1042311
7,2,1042311
7,3,1042311
7,4,1042311
7,5,1042311
7,6,1042311
7,7,1042311
7,8,1042311
7,9,1042311
7,10,1025927
7,11,1027975
8,1,1042311
8,2,1042311
8,3,1042311
8,4,1042311
8,5,518023
8,6,518023
8,7,518023
8,8,518023
8,9,518023
8,10,518023
8,11,485255
9,1,1042311
9,2,1042311
9,3,1042311
9,4,1042311
9,5,1042311
9,6,1042311
9,7,1042311
9,8,1042310
9,9,1042310
9,10,1044358
9,11,1044358
10,1,1042311
10,2,1042311
10,3,1042311
10,4,1042311
10,5,1042311
10,6,1042311
10,7,1042311
10,8,1042311
10,9,518023
10,10,518023
10,11,518023
1,1,1043334
1,2,1010566
1,3,1010566
1,4,1010566
1,5,1010566
1,6,1010566
1,7,1010566
1,8,1010566
1,9,1010566
1,10,1010566
1,11,1010566
2,1,1043334
2,2,1044358
2,3,1044102
2,4,1044102
2,5,1044102
2,6,1044102
2,7,1044102
2,8,1044102
2,9,1044102
2,10,1044098
2,11,1044098
3,1,1043334
3,2,1043334
3,3,1043334
3,4,1043334
3,5,1043334
3,6,1041286
3,7,1041286
3,8,1041286
3,9,1041286
3,10,1041286
3,11,1041286
4,1,1043334
4,2,1043334
4,3,1026950
4,4,1026950
4,5,1026950
4,6,1024902
4,7,1024902
4,8,1024902
4,9,1024902
4,10,1024902
4,11,1024902
5,1,1043334
5,2,1043334
5,3,1043334
5,4,519046
5,5,519046
5,6,519046
5,7,519046
5,8,519046
5,9,519046
5,10,519047
5,11,519047
6,1,1043334
6,2,1043334
6,3,1043334
6,4,1043334
6,5,1043334
6,6,1043334
6,7,1043334
6,8,1043334
6,9,1043334
6,10,912262
6,11,912262
7,1,1043334
7,2,1043334
7,3,1043334
7,4,912262
7,5,912262
7,6,1043334
7,7,1043332
7,8,1043332
7,9,1043332
7,10,1044356
7,11,1044356
8,1,1043334
8,2,1043334
8,3,1043334
8,4,1043334
8,5,1043334
8,6,1043334
8,7,1043334
8,8,1043334
8,9,1044358
8,10,1044358
8,11,1044358
9,1,1043334
9,2,1043334
9,3,1044358
9,4,1044358
9,5,1044358
9,6,1044358
9,7,1044358
9,8,1044358
9,9,1027974
9,10,1027970
9,11,1027970
10,1,1043334
10,2,1043334
10,3,1043332
10,4,1043332
10,5,1043332
10,6,1043328
10,7,1043328
10,8,1043328
10,9,1043328
10,10,1043328
10,11,1043328
1,1,1044097
1,2,1044097
1,3,1044097
1,4,1044097
1,5,1044097
1,6,1044096
1,7,1044096
1,8,1044096
1,9,1043968
1,10,1041920
1,11,1041920
2,1,1044097
2,2,1044097
2,3,1044097
2,4,1027713
2,5,1027713
2,6,1027713
2,7,1025665
2,8,1025665
2,9,1025665
2,10,1025665
2,11,1025665
3,1,1044097
3,2,1044097
3,3,1044097
3,4,1044353
3,5,1044353
3,6,1044353
3,7,1044353
3,8,1044353
3,9,913281
3,10,913281
3,11,913281
4,1,1044097
4,2,1044096
4,3,1044096
4,4,1044096
4,5,1044096
4,6,1044096
4,7,1044096
4,8,1044100
4,9,1044100
4,10,1044100
4,11,781956
5,1,1044097
5,2,1044097
5,3,1044097
5,4,1044097
5,5,1044097
5,6,1042049
5,7,1042049
5,8,1042048
5,9,1042048
5,10,910976
5,11,910976
6,1,1044097
6,2,1044097
6,3,1044097
6,4,1044097
6,5,1044097
6,6,1044097
6,7,1044097
6,8,1044097
6,9,1044097
6,10,1044097
6,11,1044097
7,1,1044097
7,2,1044097
7,3,1044097
7,4,1044097
7,5,1044097
7,6,913025
7,7,913025
7,8,913025
7,9,913025
7,10,913025
7,11,913025
8,1,1044097
8,2,1044097
8,3,1044097
8,4,1043969
8,5,1043969
8,6,1043969
8,7,1043969
8,8,1043969
8,9,781825
8,10,781825
8,11,257537
9,1,1044097
9,2,1044097
9,3,1044353
9,4,1043329
9,5,1043331
9,6,1043329
9,7,1043329
9,8,1047425
9,9,1047425
9,10,1031041
9,11,1031041
10,1,1044097
10,2,1044097
10,3,1044097
10,4,1044097
10,5,1044097
10,6,1044097
10,7,1044097
10,8,1043969
10,9,1041921
10,10,1025537
10,11,1025537
1,1,1044230
1,2,1044230
1,3,1044226
1,4,1044226
1,5,1036034
1,6,1035010
1,7,1032962
1,8,1032960
1,9,1032962
1,10,1032966
1,11,1016582
2,1,1044230
2,2,1044230
2,3,1044230
2,4,1044230
2,5,1044230
2,6,1044230
2,7,1044230
2,8,1036038
2,9,1036038
2,10,1036038
2,11,1036038
3,1,1044230
3,2,1044230
3,3,1044230
3,4,1044230
3,5,1044230
3,6,1044230
3,7,1044230
3,8,1044230
3,9,1048326
3,10,1048326
3,11,1048326
4,1,1044230
4,2,1044230
4,3,1044230
4,4,1044230
4,5,1048326
4,6,1048326
4,7,786182
4,8,786182
4,9,786310
4,10,786310
4,11,786310
5,1,1044230
5,2,1027846
5,3,1027846
5,4,1027846
5,5,1027846
5,6,1027846
5,7,1027847
5,8,1027847
5,9,1027847
5,10,1027847
5,11,1027847
6,1,1044230
6,2,1043974
6,3,1043974
6,4,1043974
6,5,1043974
6,6,1043974
6,7,1043974
6,8,1043974
6,9,1043974
6,10,1043974
6,11,1043974
7,1,1044230
7,2,1044230
7,3,1044231
7,4,1044231
7,5,1044231
7,6,1044231
7,7,1044231
7,8,1044231
7,9,519943
7,10,519943
7,11,519943
8,1,1044230
8,2,1044230
8,3,1044230
8,4,1044230
8,5,1044358
8,6,1044358
8,7,520070
8,8,503686
8,9,503686
8,10,503686
8,11,502662
9,1,1044230
9,2,1044358
9,3,1044358
9,4,1044358
9,5,1027974
9,6,1027974
9,7,1027974
9,8,1027974
9,9,1027974
9,10,1027974
9,11,1027974
10,1,1044230
10,2,1044230
10,3,1043974
10,4,1043974
10,5,1043975
10,6,1043975
10,7,1043973
10,8,1043973
10,9,1043973
10,10,1043973
10,11,1043972
1,1,1044353
1,2,1044353
1,3,1044353
1,4,1044353
1,5,1044352
1,6,1044352
1,7,1027968
1,8,1044352
1,9,1044352
1,10,1044352
1,11,1044352
2,1,1044353
2,2,1044353
2,3,1044353
2,4,1044353
2,5,1048449
2,6,524161
2,7,524161
2,8,524161
2,9,524161
2,10,524161
2,11,520065
3,1,1044353
3,2,1044353
3,3,1044353
3,4,1044353
3,5,913281
3,6,913281
3,7,913281
3,8,913281
3,9,913281
3,10,913281
3,11,913281
4,1,1044353
4,2,1044353
4,3,1044353
4,4,1044353
4,5,520065
4,6,520065
4,7,520065
4,8,520065
4,9,520065
4,10,518017
4,11,501633
5,1,1044353
5,2,1044353
5,3,1044353
5,4,1044353
5,5,1044353
5,6,1044353
5,7,1044361
5,8,1027977
5,9,503689
5,10,503689
5,11,503681
6,1,1044353
6,2,913281
6,3,913281
6,4,913281
6,5,913280
6,6,913280
6,7,913280
6,8,913280
6,9,896896
6,10,896896
6,11,896896
7,1,1044353
7,2,1044353
7,3,1044353
7,4,1044353
7,5,1044353
7,6,1044353
7,7,1043329
7,8,1043329
7,9,1041281
7,10,1041281
7,11,1041281
8,1,1044353
8,2,1044353
8,3,1044353
8,4,1044353
8,5,1044353
8,6,1044353
8,7,1044353
8,8,1043329
8,9,1043329
8,10,519041
8,11,519041
9,1,1044353
9,2,1044353
9,3,1044353
9,4,520065
9,5,520065
9,6,520065
9,7,520065
9,8,520065
9,9,520065
9,10,520065
9,11,520069
10,1,1044353
10,2,1044353
10,3,1044353
10,4,1011585
10,5,1011589
10,6,1011589
10,7,1011589
10,8,1011591
10,9,1011591
10,10,1044359
10,11,1044359
1,1,1044354
1,2,1044354
1,3,1044358
1,4,1044358
1,5,1044358
1,6,1044358
1,7,1027974
1,8,765830
1,9,765830
1,10,765830
1,11,765830
2,1,1044354
2,2,1044354
2,3,1044354
2,4,1044354
2,5,1044354
2,6,1044354
2,7,1044226
2,8,1042178
2,9,1042178
2,10,1042178
2,11,1042178
3,1,1044354
3,2,1044354
3,3,1044354
3,4,1044226
3,5,1042178
3,6,1042178
3,7,1042178
3,8,1041922
3,9,1041926
3,10,1041926
3,11,910854
4,1,1044354
4,2,1044354
4,3,1044354
4,4,1044354
4,5,1044354
4,6,1044354
4,7,1044354
4,8,1044354
4,9,1044354
4,10,1044354
4,11,1044354
5,1,1044354
5,2,1027970
5,3,1027974
5,4,1027974
5,5,1027974
5,6,1027974
5,7,1027974
5,8,1027974
5,9,1032070
5,10,1032070
5,11,1032070
6,1,1044354
6,2,1044352
6,3,1044352
6,4,1044352
6,5,1044352
6,6,1044352
6,7,1044352
6,8,1027968
6,9,1025920
6,10,1025920
6,11,1025920
7,1,1044354
7,2,1044354
7,3,520066
7,4,520070
7,5,524166
7,6,524166
7,7,524166
7,8,524166
7,9,524166
7,10,524167
7,11,524167
8,1,1044354
8,2,1044354
8,3,1044354
8,4,1044358
8,5,1044358
8,6,1048454
8,7,1048454
8,8,1048454
8,9,1048454
8,10,1048454
8,11,1048454
9,1,1044354
9,2,1044354
9,3,1042306
9,4,1042306
9,5,1042306
9,6,1042306
9,7,1042306
9,8,1042306
9,9,1042178
9,10,1042182
9,11,1041158
10,1,1044354
10,2,1044354
10,3,1044354
10,4,1027970
10,5,1027970
10,6,1027970
10,7,1027970
10,8,1027970
10,9,1027970
10,10,1027970
10,11,1044354
1,1,1044355
1,2,1044355
1,3,1044355
1,4,1027971
1,5,1027971
1,6,1027971
1,7,1027971
1,8,1027971
1,9,1027971
1,10,1027971
1,11,1027970
2,1,1044355
2,2,1044355
2,3,1044355
2,4,1044355
2,5,1044355
2,6,1044355
2,7,1044355
2,8,1044355
2,9,1044355
2,10,1044355
2,11,1044355
3,1,1044355
3,2,1044355
3,3,1027971
3,4,1027970
3,5,1032066
3,6,1032066
3,7,1032066
3,8,1032066
3,9,1032066
3,10,1032066
3,11,1032066
4,1,1044355
4,2,1044355
4,3,1042307
4,4,1042307
4,5,1042307
4,6,1042307
4,7,1044355
4,8,1044355
4,9,1044355
4,10,1044355
4,11,1044227
5,1,1044355
5,2,1044355
5,3,1044355
5,4,1044355
5,5,1044355
5,6,1044355
5,7,1044355
5,8,1044359
5,9,1044359
5,10,1044359
5,11,1044359
6,1,1044355
6,2,1044355
6,3,1044359
6,4,1044359
6,5,1044359
6,6,1044359
6,7,1044359
6,8,1044359
6,9,1044359
6,10,1044359
6,11,1044355
7,1,1044355
7,2,1044355
7,3,1044355
7,4,1042307
7,5,1042307
7,6,1042307
7,7,1042307
7,8,1042311
7,9,1042311
7,10,1042311
7,11,1042311
8,1,1044355
8,2,1044355
8,3,1044355
8,4,1044355
8,5,1044355
8,6,1044355
8,7,1044355
8,8,1044355
8,9,1044355
8,10,1044355
8,11,1044355
9,1,1044355
9,2,1044355
9,3,1044355
9,4,1044359
9,5,1044359
9,6,1044359
9,7,1044359
9,8,1044359
9,9,1044359
9,10,1044359
9,11,1044359
10,1,1044355
10,2,1044355
10,3,1044355
10,4,1044355
10,5,1044355
10,6,1044359
10,7,1044359
10,8,1044359
10,9,1044359
10,10,1044359
10,11,1044359
1,1,1044356
1,2,1044356
1,3,1044356
1,4,1044356
1,5,1042308
1,6,1042308
1,7,1042308
1,8,1042308
1,9,1042308
1,10,1042308
1,11,1042308
2,1,1044356
2,2,1044357
2,3,1044357
2,4,1027973
2,5,1027973
2,6,1027973
2,7,1027973
2,8,1027973
2,9,1027973
2,10,1027973
2,11,1027973
3,1,1044356
3,2,1044356
3,3,1044356
3,4,1044356
3,5,1044356
3,6,1044356
3,7,1044358
3,8,1044358
3,9,1044358
3,10,1044358
3,11,1044358
4,1,1044356
4,2,1044356
4,3,1044356
4,4,1048452
4,5,1048452
4,6,1044356
4,7,1044356
4,8,1044356
4,9,1044356
4,10,1044356
4,11,1044356
5,1,1044356
5,2,1044356
5,3,1044356
5,4,1044356
5,5,1044356
5,6,1044356
5,7,1044356
5,8,1044356
5,9,1044356
5,10,1044356
5,11,1044356
6,1,1044356
6,2,1044356
6,3,1044356
6,4,1044356
6,5,1044356
6,6,1044356
6,7,1044356
6,8,1044356
6,9,1044356
6,10,1044357
6,11,1044357
7,1,1044356
7,2,1044356
7,3,1043332
7,4,1043332
7,5,1043332
7,6,1043332
7,7,1043332
7,8,1047428
7,9,1047428
7,10,1047428
7,11,1047428
8,1,1044356
8,2,1043332
8,3,1043333
8,4,1043333
8,5,1043333
8,6,1043333
8,7,1043333
8,8,1043335
8,9,1043335
8,10,1043335
8,11,1043335
9,1,1044356
9,2,1044356
9,3,1044356
9,4,1042308
9,5,1042308
9,6,1042308
9,7,1042308
9,8,1042309
9,9,1042309
9,10,1042309
9,11,1042053
10,1,1044356
10,2,1044358
10,3,1044358
10,4,1044358
10,5,1044358
10,6,1044358
10,7,1044358
10,8,1044358
10,9,1044359
10,10,1044359
10,11,1044359
1,1,1044358
1,2,1044359
1,3,1044359
1,4,1027975
1,5,1027975
1,6,1027975
1,7,1027975
1,8,1027975
1,9,1027975
1,10,1027975
1,11,1027975
2,1,1044358
2,2,1044358
2,3,1043334
2,4,1043334
2,5,1043334
2,6,1043334
2,7,1043334
2,8,1043334
2,9,1043334
2,10,1044358
2,11,1044358
3,1,1044358
3,2,1044358
3,3,1044358
3,4,1044356
3,5,1044356
3,6,1044356
3,7,1044358
3,8,1044358
3,9,1044358
3,10,1044358
3,11,1044359
4,1,1044358
4,2,1044358
4,3,1044358
4,4,1044358
4,5,1044358
4,6,1044358
4,7,1044358
4,8,1044358
4,9,1048454
4,10,1048454
4,11,1048454
5,1,1044358
5,2,1044358
5,3,1044358
5,4,1044358
5,5,1044358
5,6,1044358
5,7,1044358
5,8,1044358
5,9,1044358
5,10,1044358
5,11,1044358
6,1,1044358
6,2,1044358
6,3,1044358
6,4,1044358
6,5,1048454
6,6,1048454
6,7,1048454
6,8,1048454
6,9,1048454
6,10,1048454
6,11,1048454
7,1,1044358
7,2,1044358
7,3,1044358
7,4,1044358
7,5,1044358
7,6,1044358
7,7,1048454
7,8,1044358
7,9,1044358
7,10,1044358
7,11,1044358
8,1,1044358
8,2,1044358
8,3,520070
8,4,520070
8,5,520070
8,6,520070
8,7,518022
8,8,518022
8,9,1042310
8,10,1042310
8,11,1042310
9,1,1044358
9,2,1044358
9,3,1044358
9,4,1044358
9,5,1044358
9,6,1044358
9,7,1044358
9,8,1044358
9,9,1044358
9,10,1044358
9,11,1044358
10,1,1044358
10,2,1044358
10,3,1042310
10,4,1042310
10,5,1042310
10,6,1042310
10,7,1042310
10,8,911238
10,9,911238
10,10,911238
10,11,911238
1,1,1044359
1,2,520071
1,3,524167
1,4,524167
1,5,524167
1,6,520071
1,7,520071
1,8,1044359
1,9,1044358
1,10,1044358
1,11,1044358
2,1,1044359
2,2,1048455
2,3,1048455
2,4,1048455
2,5,1044359
2,6,1044359
2,7,1044359
2,8,1044359
2,9,1044359
2,10,1044359
2,11,1044359
3,1,1044359
3,2,1044359
3,3,1044359
3,4,1044359
3,5,1044359
3,6,1044359
3,7,1044359
3,8,1044359
3,9,1044359
3,10,1044359
3,11,1048455
4,1,1044359
4,2,1044359
4,3,1044359
4,4,1044359
4,5,1044359
4,6,1044359
4,7,1044359
4,8,1044359
4,9,1044359
4,10,1044359
4,11,1042311
5,1,1044359
5,2,1044359
5,3,1042311
5,4,1041287
5,5,1041287
5,6,1041287
5,7,1041287
5,8,1043335
5,9,1043335
5,10,1043335
5,11,1043335
6,1,1044359
6,2,1048455
6,3,1048455
6,4,1048455
6,5,1048455
6,6,1048455
6,7,1048453
6,8,1048453
6,9,1048453
6,10,524165
6,11,524165
7,1,1044359
7,2,1027975
7,3,1027975
7,4,1027975
7,5,1027975
7,6,765831
7,7,765831
7,8,634759
7,9,634631
7,10,634631
7,11,634759
8,1,1044359
8,2,1044359
8,3,1044359
8,4,1044359
8,5,1044359
8,6,1044359
8,7,1044359
8,8,1044359
8,9,1044359
8,10,1044359
8,11,1044359
9,1,1044359
9,2,1044359
9,3,1044359
9,4,1044359
9,5,1044359
9,6,1044359
9,7,1044359
9,8,1044359
9,9,1044359
9,10,1044359
9,11,1044359
10,1,1044359
10,2,1044358
10,3,1044358
10,4,1044358
10,5,1044358
10,6,1044358
10,7,1044358
10,8,1044359
10,9,1044359
10,10,1044359
10,11,1044359
1,1,1047431
1,2,1047431
1,3,1047431
1,4,1047431
1,5,1047431
1,6,1047431
1,7,1047431
1,8,1047431
1,9,1043335
1,10,1043335
1,11,1043335
2,1,1047431
2,2,1047431
2,3,1047431
2,4,1047430
2,5,1045382
2,6,1045382
2,7,1046406
2,8,1030022
2,9,1021830
2,10,1021830
2,11,1023878
3,1,1047431
3,2,1047431
3,3,1047431
3,4,1047431
3,5,1047431
3,6,1047431
3,7,1047431
3,8,1047431
3,9,1047431
3,10,1047431
3,11,1047431
4,1,1047431
4,2,1047431
4,3,1047431
4,4,1047431
4,5,1047431
4,6,1043335
4,7,1043335
4,8,519047
4,9,519047
4,10,523143
4,11,523143
5,1,1047431
5,2,1047431
5,3,1047431
5,4,1047431
5,5,1047431
5,6,1047431
5,7,1047431
5,8,1043335
5,9,1043335
5,10,1043335
5,11,1043335
6,1,1047431
6,2,1047431
6,3,1047431
6,4,1047431
6,5,1047431
6,6,1047431
6,7,1043335
6,8,1043335
6,9,1043335
6,10,1043335
6,11,1043335
7,1,1047431
7,2,1047431
7,3,1048455
7,4,786311
7,5,786311
7,6,786311
7,7,786311
7,8,786311
7,9,786311
7,10,786311
7,11,786311
8,1,1047431
8,2,1047431
8,3,1047431
8,4,1047431
8,5,1047431
8,6,1047431
8,7,1043335
8,8,1043334
8,9,1043334
8,10,1043334
8,11,1043330
9,1,1047431
9,2,1047431
9,3,1047431
9,4,1047431
9,5,1047427
9,6,1047427
9,7,916355
9,8,392067
9,9,392067
9,10,392071
9,11,393095
10,1,1047431
10,2,1047431
10,3,1047431
10,4,1047431
10,5,1047431
10,6,1047431
10,7,1047430
10,8,1047430
10,9,1048454
10,10,1048454
10,11,1048454
1,1,1048230
1,2,1048230
1,3,1048230
1,4,1048230
1,5,1048230
1,6,1048230
1,7,1048230
1,8,1048230
1,9,1048230
1,10,1048198
1,11,1048198
2,1,1048230
2,2,1044134
2,3,1044134
2,4,1044134
2,5,1044006
2,6,1044006
2,7,1044006
2,8,1048102
2,9,1048102
2,10,1048102
2,11,1048102
3,1,1048230
3,2,1048230
3,3,1048102
3,4,1048102
3,5,1048070
3,6,1048070
3,7,1048326
3,8,1048326
3,9,1048326
3,10,1048326
3,11,1044230
4,1,1048230
4,2,1048230
4,3,1048230
4,4,1048198
4,5,1048198
4,6,1048198
4,7,786054
4,8,786054
4,9,786310
4,10,786310
4,11,786310
5,1,1048230
5,2,1048230
5,3,1048230
5,4,1048230
5,5,1048230
5,6,1048230
5,7,1048230
5,8,1048230
5,9,1048230
5,10,1048230
5,11,1044134
6,1,1048230
6,2,1048230
6,3,1048230
6,4,1048230
6,5,1048230
6,6,1031846
6,7,1031846
6,8,1031846
6,9,1031846
6,10,1031846
6,11,1031846
7,1,1048230
7,2,1048230
7,3,1048230
7,4,1048230
7,5,1048230
7,6,1048230
7,7,1048230
7,8,1048198
7,9,1048070
7,10,1048070
7,11,1043974
8,1,1048230
8,2,1048230
8,3,1048230
8,4,1048230
8,5,1048230
8,6,1048230
8,7,523942
8,8,523942
8,9,524198
8,10,524198
8,11,524198
9,1,1048230
9,2,1048230
9,3,1048230
9,4,1048230
9,5,1048230
9,6,1048230
9,7,1031846
9,8,1031842
9,9,1031842
9,10,1027746
9,11,1027750
10,1,1048230
10,2,1048198
10,3,1048198
10,4,1048198
10,5,1048198
10,6,1048198
10,7,1044102
10,8,1044102
10,9,1044102
10,10,1044102
10,11,1044102
1,1,1048454
1,2,1047430
1,3,1047430
1,4,1047430
1,5,1047430
1,6,1047430
1,7,1047430
1,8,1047430
1,9,1047430
1,10,1047430
1,11,1043334
2,1,1048454
2,2,1048450
2,3,1048450
2,4,1048450
2,5,1048450
2,6,786306
2,7,769922
2,8,769922
2,9,769922
2,10,769922
2,11,769922
3,1,1048454
3,2,1048454
3,3,1048454
3,4,1048454
3,5,1048454
3,6,786310
3,7,786310
3,8,786310
3,9,786310
3,10,655238
3,11,655238
4,1,1048454
4,2,1048455
4,3,1048455
4,4,1048455
4,5,1048455
4,6,1048199
4,7,1048455
4,8,1048455
4,9,1048455
4,10,1032071
4,11,1032071
5,1,1048454
5,2,1048454
5,3,1048454
5,4,1048454
5,5,1048454
5,6,1048454
5,7,1048454
5,8,1048454
5,9,1048454
5,10,524166
5,11,524166
6,1,1048454
6,2,1048462
6,3,1048462
6,4,1048462
6,5,1048462
6,6,1048462
6,7,1048462
6,8,1048462
6,9,1048462
6,10,1048462
6,11,1048454
7,1,1048454
7,2,1048454
7,3,1048454
7,4,1048454
7,5,1044358
7,6,1044358
7,7,1044358
7,8,1044358
7,9,1044358
7,10,1044358
7,11,1044358
8,1,1048454
8,2,1047430
8,3,1047430
8,4,1047431
8,5,1047431
8,6,1045383
8,7,1045383
8,8,1045383
8,9,1045383
8,10,1045383
8,11,1045383
9,1,1048454
9,2,1048454
9,3,1048454
9,4,1048454
9,5,1048454
9,6,1044358
9,7,1044358
9,8,1044358
9,9,1044358
9,10,782214
9,11,782214
10,1,1048454
10,2,1048454
10,3,1048454
10,4,1048454
10,5,1048454
10,6,1048454
10,7,1048454
10,8,1048454
10,9,1048454
10,10,917382
10,11,917382
1,1,1048455
1,2,1048455
1,3,1048455
1,4,1048455
1,5,1048455
1,6,1048455
1,7,1048455
1,8,1048454
1,9,1048454
1,10,786310
1,11,786310
2,1,1048455
2,2,1048455
2,3,1048455
2,4,1048455
2,5,1048454
2,6,1048454
2,7,1048454
2,8,1048454
2,9,1048454
2,10,1048454
2,11,1048454
3,1,1048455
3,2,1048455
3,3,1048455
3,4,1048455
3,5,1048455
3,6,1048455
3,7,1048455
3,8,1048455
3,9,1048455
3,10,1044359
3,11,1048455
4,1,1048455
4,2,1048455
4,3,1048455
4,4,1048455
4,5,1048455
4,6,1048455
4,7,1048455
4,8,1048455
4,9,1048455
4,10,1048455
4,11,1048455
5,1,1048455
5,2,1048455
5,3,1044359
5,4,1044359
5,5,1044358
5,6,1044358
5,7,1044358
5,8,1044358
5,9,1044358
5,10,1044358
5,11,1044358
6,1,1048455
6,2,1048455
6,3,1044359
6,4,1044359
6,5,1044359
6,6,1044359
6,7,1044359
6,8,1044359
6,9,1044359
6,10,1044359
6,11,1044359
7,1,1048455
7,2,1044359
7,3,1044359
7,4,1044359
7,5,1044359
7,6,1044359
7,7,1044359
7,8,1044359
7,9,1044359
7,10,1044359
7,11,1044359
8,1,1048455
8,2,1048455
8,3,1048455
8,4,1048455
8,5,1048455
8,6,1048455
8,7,1048455
8,8,1048455
8,9,1048455
8,10,1048455
8,11,1048455
9,1,1048455
9,2,1048455
9,3,1048455
9,4,1048455
9,5,1048455
9,6,1048455
9,7,1048455
9,8,1048455
9,9,1048455
9,10,1048455
9,11,1048455
10,1,1048455
10,2,1048454
10,3,1048454
10,4,1048454
10,5,1048454
10,6,1048454
10,7,1048454
10,8,1048454
10,9,1048454
10,10,1048454
10,11,1048454
