simulation,timestep,config_id
1,1,126464
1,2,126464
1,3,125440
1,4,125440
1,5,125440
1,6,125440
1,7,125440
1,8,125440
1,9,125440
1,10,125440
1,11,125440
2,1,126464
2,2,126464
2,3,124416
2,4,124416
2,5,386560
2,6,385536
2,7,385536
2,8,385536
2,9,386560
2,10,386560
2,11,386560
3,1,126464
3,2,126464
3,3,126464
3,4,126464
3,5,126464
3,6,126464
3,7,126464
3,8,126464
3,9,126464
3,10,126464
3,11,126464
4,1,126464
4,2,126464
4,3,126464
4,4,126464
4,5,257536
4,6,257536
4,7,257536
4,8,257536
4,9,257536
4,10,257536
4,11,257536
5,1,126464
5,2,126464
5,3,126464
5,4,126464
5,5,126464
5,6,126464
5,7,126464
5,8,126464
5,9,126464
5,10,650752
5,11,650752
6,1,126464
6,2,126464
6,3,126464
6,4,126464
6,5,126464
6,6,126464
6,7,126464
6,8,126464
6,9,126464
6,10,126464
6,11,126464
7,1,126464
7,2,126464
7,3,126464
7,4,126592
7,5,126592
7,6,126592
7,7,126464
7,8,126464
7,9,126464
7,10,126464
7,11,126464
8,1,126464
8,2,126464
8,3,126464
8,4,126464
8,5,126464
8,6,126466
8,7,126466
8,8,126466
8,9,126466
8,10,126464
8,11,126464
9,1,126464
9,2,126464
9,3,126464
9,4,126466
9,5,388610
9,6,388610
9,7,388614
9,8,388614
9,9,388614
9,10,388614
9,11,388614
10,1,126464
10,2,126464
10,3,126464
10,4,126464
10,5,126464
10,6,126464
10,7,126464
10,8,126464
10,9,126464
10,10,126464
10,11,126464
1,1,126592
1,2,126592
1,3,126592
1,4,126592
1,5,125568
1,6,92800
1,7,76416
1,8,76416
1,9,76416
1,10,76672
1,11,76672
2,1,126592
2,2,650880
2,3,650880
2,4,650880
2,5,650880
2,6,650880
2,7,650880
2,8,650880
2,9,650882
2,10,650882
2,11,650882
3,1,126592
3,2,126592
3,3,650880
3,4,651136
3,5,651136
3,6,651136
3,7,651136
3,8,651136
3,9,651136
3,10,651136
3,11,651136
4,1,126592
4,2,126592
4,3,126592
4,4,126592
4,5,126592
4,6,126592
4,7,126592
4,8,126592
4,9,126592
4,10,126592
4,11,126592
5,1,126592
5,2,126592
5,3,126592
5,4,126592
5,5,126592
5,6,126592
5,7,124544
5,8,124544
5,9,124544
5,10,124544
5,11,124544
6,1,126592
6,2,126592
6,3,126592
6,4,126464
6,5,126464
6,6,126464
6,7,126464
6,8,126464
6,9,126464
6,10,126464
6,11,126464
7,1,126592
7,2,650880
7,3,650880
7,4,650880
7,5,650880
7,6,650880
7,7,634496
7,8,634496
7,9,634496
7,10,634496
7,11,634496
8,1,126592
8,2,126592
8,3,126592
8,4,126592
8,5,126592
8,6,126848
8,7,126848
8,8,126848
8,9,126848
8,10,126848
8,11,126848
9,1,126592
9,2,126592
9,3,130688
9,4,130944
9,5,130944
9,6,130944
9,7,130944
9,8,130944
9,9,130944
9,10,130944
9,11,130944
10,1,126592
10,2,126592
10,3,126592
10,4,126592
10,5,110208
10,6,110208
10,7,110208
10,8,110208
10,9,108160
10,10,108160
10,11,108160
1,1,126854
1,2,126854
1,3,110470
1,4,110470
1,5,110470
1,6,110470
1,7,110470
1,8,114566
1,9,114566
1,10,114566
1,11,114566
2,1,126854
2,2,126854
2,3,126854
2,4,126854
2,5,126854
2,6,126854
2,7,126854
2,8,126854
2,9,126854
2,10,126854
2,11,126854
3,1,126854
3,2,126854
3,3,126854
3,4,126854
3,5,651142
3,6,651174
3,7,651174
3,8,651174
3,9,651174
3,10,651174
3,11,651142
4,1,126854
4,2,126854
4,3,126854
4,4,126854
4,5,126854
4,6,126854
4,7,126854
4,8,126852
4,9,126852
4,10,388996
4,11,388996
5,1,126854
5,2,126854
5,3,126854
5,4,126854
5,5,126854
5,6,126854
5,7,126854
5,8,388998
5,9,388998
5,10,388998
5,11,388998
6,1,126854
6,2,126854
6,3,126854
6,4,126854
6,5,126854
6,6,651142
6,7,634758
6,8,634758
6,9,634758
6,10,634758
6,11,634758
7,1,126854
7,2,126850
7,3,126850
7,4,126850
7,5,126850
7,6,125826
7,7,125826
7,8,125826
7,9,125826
7,10,125826
7,11,125826
8,1,126854
8,2,126854
8,3,126854
8,4,126854
8,5,126854
8,6,126854
8,7,126598
8,8,126598
8,9,126598
8,10,126598
8,11,126598
9,1,126854
9,2,126854
9,3,126854
9,4,110470
9,5,110470
9,6,110470
9,7,110470
9,8,110470
9,9,110470
9,10,110470
9,11,108422
10,1,126854
10,2,126854
10,3,110470
10,4,110470
10,5,102278
10,6,102278
10,7,102278
10,8,102278
10,9,364422
10,10,364422
10,11,364422
1,1,239488
1,2,239488
1,3,239488
1,4,501632
1,5,501632
1,6,501632
1,7,501632
1,8,501632
1,9,501632
1,10,501632
1,11,493440
2,1,239488
2,2,239488
2,3,239488
2,4,239488
2,5,239488
2,6,231296
2,7,231296
2,8,231296
2,9,231296
2,10,231296
2,11,231296
3,1,239488
3,2,239232
3,3,231040
3,4,231040
3,5,231040
3,6,755328
3,7,755584
3,8,755584
3,9,1017728
3,10,1017728
3,11,1017728
4,1,239488
4,2,239488
4,3,239488
4,4,239488
4,5,239488
4,6,239490
4,7,239490
4,8,108418
4,9,112514
4,10,112514
4,11,112514
5,1,239488
5,2,239488
5,3,239488
5,4,239488
5,5,239360
5,6,239360
5,7,239360
5,8,239360
5,9,501504
5,10,501504
5,11,501504
6,1,239488
6,2,501632
6,3,501632
6,4,501632
6,5,501632
6,6,501632
6,7,501632
6,8,501632
6,9,501632
6,10,501632
6,11,501632
7,1,239488
7,2,239488
7,3,239488
7,4,239488
7,5,239488
7,6,239488
7,7,239488
7,8,239488
7,9,239488
7,10,239488
7,11,239488
8,1,239488
8,2,239492
8,3,239492
8,4,501636
8,5,501636
8,6,501636
8,7,501636
8,8,501636
8,9,501636
8,10,501636
8,11,501636
9,1,239488
9,2,239488
9,3,241536
9,4,241536
9,5,241537
9,6,241537
9,7,241537
9,8,765825
9,9,765825
9,10,763777
9,11,763777
10,1,239488
10,2,239488
10,3,239488
10,4,763776
10,5,763776
10,6,763776
10,7,763776
10,8,763776
10,9,763776
10,10,763776
10,11,763776
1,1,260992
1,2,260992
1,3,260992
1,4,260992
1,5,260992
1,6,260992
1,7,260992
1,8,260992
1,9,260992
1,10,260992
1,11,129920
2,1,260992
2,2,260992
2,3,260992
2,4,260992
2,5,260992
2,6,260992
2,7,258944
2,8,258944
2,9,254848
2,10,254848
2,11,254848
3,1,260992
3,2,260992
3,3,260992
3,4,260992
3,5,785280
3,6,768896
3,7,785280
3,8,785280
3,9,785280
3,10,785280
3,11,785280
4,1,260992
4,2,260992
4,3,260992
4,4,260992
4,5,260992
4,6,129920
4,7,129920
4,8,129920
4,9,129920
4,10,129920
4,11,129920
5,1,260992
5,2,260992
5,3,260992
5,4,260992
5,5,260992
5,6,260992
5,7,129920
5,8,129920
5,9,129920
5,10,129920
5,11,129920
6,1,260992
6,2,260992
6,3,260992
6,4,260994
6,5,523138
6,6,523138
6,7,523138
6,8,523138
6,9,523138
6,10,523142
6,11,523142
7,1,260992
7,2,260992
7,3,260992
7,4,785280
7,5,781184
7,6,785280
7,7,785280
7,8,785280
7,9,786304
7,10,786304
7,11,786304
8,1,260992
8,2,260992
8,3,260992
8,4,260992
8,5,129920
8,6,125824
8,7,125824
8,8,125824
8,9,125824
8,10,125824
8,11,125824
9,1,260992
9,2,262016
9,3,262016
9,4,260992
9,5,260992
9,6,260992
9,7,260992
9,8,260992
9,9,129920
9,10,654208
9,11,654208
10,1,260992
10,2,260992
10,3,260992
10,4,129920
10,5,129920
10,6,129920
10,7,129920
10,8,129920
10,9,129920
10,10,125824
10,11,125824
1,1,262144
1,2,262144
1,3,262144
1,4,262144
1,5,278528
1,6,278528
1,7,278528
1,8,278528
1,9,278528
1,10,278528
1,11,278528
2,1,262144
2,2,262144
2,3,262144
2,4,278528
2,5,279040
2,6,279048
2,7,279048
2,8,279048
2,9,279048
2,10,279048
2,11,279048
3,1,262144
3,2,262144
3,3,262144
3,4,262144
3,5,262144
3,6,262144
3,7,262144
3,8,262656
3,9,262656
3,10,262656
3,11,262656
4,1,262144
4,2,262144
4,3,262144
4,4,262144
4,5,262144
4,6,262144
4,7,262400
4,8,327936
4,9,327936
4,10,327936
4,11,327936
5,1,262144
5,2,262144
5,3,262144
5,4,262144
5,5,262144
5,6,262144
5,7,262144
5,8,294912
5,9,294912
5,10,294912
5,11,294912
6,1,262144
6,2,262144
6,3,262144
6,4,262144
6,5,262144
6,6,278528
6,7,278528
6,8,278528
6,9,278528
6,10,278528
6,11,278528
7,1,262144
7,2,262144
7,3,262208
7,4,262208
7,5,262208
7,6,262144
7,7,262144
7,8,262144
7,9,262144
7,10,262144
7,11,262144
8,1,262144
8,2,262144
8,3,262144
8,4,278528
8,5,278528
8,6,278528
8,7,278529
8,8,278785
8,9,278785
8,10,278913
8,11,278913
9,1,262144
9,2,262144
9,3,262144
9,4,262144
9,5,393216
9,6,393216
9,7,393216
9,8,393216
9,9,393216
9,10,393216
9,11,393280
10,1,262144
10,2,262144
10,3,262144
10,4,262144
10,5,262144
10,6,262144
10,7,262144
10,8,262144
10,9,262144
10,10,262144
10,11,262144
1,1,296836
1,2,296836
1,3,296836
1,4,296836
1,5,296836
1,6,296836
1,7,296836
1,8,296836
1,9,296836
1,10,296836
1,11,296836
2,1,296836
2,2,296836
2,3,296836
2,4,296836
2,5,296836
2,6,296838
2,7,821126
2,8,296838
2,9,296838
2,10,296838
2,11,296838
3,1,296836
3,2,264068
3,3,264068
3,4,264068
3,5,264068
3,6,264068
3,7,264068
3,8,264076
3,9,263052
3,10,263052
3,11,264076
4,1,296836
4,2,296838
4,3,296838
4,4,296838
4,5,296838
4,6,296838
4,7,296838
4,8,296838
4,9,821126
4,10,821126
4,11,821126
5,1,296836
5,2,296836
5,3,296836
5,4,296836
5,5,296836
5,6,296836
5,7,296836
5,8,296836
5,9,296836
5,10,296836
5,11,296836
6,1,296836
6,2,296836
6,3,296836
6,4,296836
6,5,296836
6,6,296836
6,7,296836
6,8,296836
6,9,296836
6,10,296836
6,11,296708
7,1,296836
7,2,296836
7,3,296836
7,4,427908
7,5,427908
7,6,427908
7,7,429956
7,8,429956
7,9,954244
7,10,954244
7,11,429956
8,1,296836
8,2,296836
8,3,296836
8,4,296836
8,5,296836
8,6,296838
8,7,296838
8,8,296838
8,9,296838
8,10,362374
8,11,362374
9,1,296836
9,2,296838
9,3,296838
9,4,34694
9,5,34694
9,6,34692
9,7,34692
9,8,34692
9,9,34694
9,10,296838
9,11,296838
10,1,296836
10,2,296836
10,3,296836
10,4,296836
10,5,296836
10,6,296836
10,7,296836
10,8,296836
10,9,296836
10,10,296836
10,11,296836
1,1,311808
1,2,377344
1,3,377344
1,4,376832
1,5,376832
1,6,376832
1,7,376832
1,8,376832
1,9,376832
1,10,376832
1,11,376832
2,1,311808
2,2,311808
2,3,311808
2,4,311808
2,5,311808
2,6,311296
2,7,311296
2,8,311296
2,9,311296
2,10,311296
2,11,311296
3,1,311808
3,2,311808
3,3,311808
3,4,311808
3,5,377344
3,6,377344
3,7,377600
3,8,377600
3,9,377600
3,10,377600
3,11,377604
4,1,311808
4,2,312832
4,3,311808
4,4,311808
4,5,311808
4,6,311808
4,7,320000
4,8,320000
4,9,320000
4,10,320000
4,11,320000
5,1,311808
5,2,279040
5,3,279040
5,4,279044
5,5,279044
5,6,278532
5,7,278528
5,8,16384
5,9,16384
5,10,16392
5,11,16392
6,1,311808
6,2,311808
6,3,311808
6,4,311808
6,5,311808
6,6,311808
6,7,311808
6,8,311808
6,9,311808
6,10,311808
6,11,311808
7,1,311808
7,2,311808
7,3,311808
7,4,311808
7,5,311808
7,6,311808
7,7,377344
7,8,377344
7,9,377344
7,10,377344
7,11,377344
8,1,311808
8,2,295424
8,3,295424
8,4,295424
8,5,295424
8,6,295424
8,7,295680
8,8,295680
8,9,295680
8,10,426752
8,11,426752
9,1,311808
9,2,311808
9,3,312832
9,4,312832
9,5,296448
9,6,296448
9,7,427520
9,8,427520
9,9,427520
9,10,427520
9,11,427520
10,1,311808
10,2,311808
10,3,311808
10,4,311808
10,5,311808
10,6,49664
10,7,49664
10,8,49664
10,9,49664
10,10,49664
10,11,49664
1,1,329222
1,2,361990
1,3,361990
1,4,361990
1,5,886278
1,6,886278
1,7,886278
1,8,886278
1,9,886278
1,10,1017350
1,11,1017350
2,1,329222
2,2,329222
2,3,329222
2,4,329222
2,5,329222
2,6,328198
2,7,328198
2,8,328198
2,9,328198
2,10,328198
2,11,328198
3,1,329222
3,2,329222
3,3,329222
3,4,460294
3,5,460294
3,6,460294
3,7,460294
3,8,460294
3,9,460294
3,10,460294
3,11,460294
4,1,329222
4,2,361990
4,3,378374
4,4,378374
4,5,378374
4,6,378374
4,7,116230
4,8,115206
4,9,115206
4,10,115206
4,11,115206
5,1,329222
5,2,329222
5,3,329222
5,4,329222
5,5,329222
5,6,329222
5,7,329222
5,8,329222
5,9,329222
5,10,329222
5,11,329222
6,1,329222
6,2,329222
6,3,329222
6,4,329222
6,5,329222
6,6,67078
6,7,67078
6,8,67078
6,9,67078
6,10,67078
6,11,329222
7,1,329222
7,2,853510
7,3,853510
7,4,853510
7,5,853510
7,6,591366
7,7,67078
7,8,67078
7,9,67078
7,10,198150
7,11,198150
8,1,329222
8,2,329222
8,3,329222
8,4,361990
8,5,361990
8,6,361990
8,7,361990
8,8,361990
8,9,361990
8,10,361990
8,11,361990
9,1,329222
9,2,329222
9,3,329222
9,4,329478
9,5,329478
9,6,329606
9,7,329606
9,8,329606
9,9,329606
9,10,328582
9,11,328582
10,1,329222
10,2,329222
10,3,329222
10,4,329222
10,5,329222
10,6,329222
10,7,329222
10,8,329222
10,9,329222
10,10,329222
10,11,361990
1,1,347910
1,2,347910
1,3,347910
1,4,347910
1,5,347910
1,6,356102
1,7,356102
1,8,355846
1,9,347654
1,10,347910
1,11,347910
2,1,347910
2,2,348038
2,3,348038
2,4,348038
2,5,348038
2,6,348038
2,7,380806
2,8,380806
2,9,380806
2,10,380678
2,11,380678
3,1,347910
3,2,347910
3,3,347910
3,4,345862
3,5,280326
3,6,280326
3,7,280326
3,8,279814
3,9,279814
3,10,279558
3,11,279558
4,1,347910
4,2,347910
4,3,347910
4,4,331526
4,5,331526
4,6,331526
4,7,331526
4,8,331526
4,9,331526
4,10,331526
4,11,331270
5,1,347910
5,2,331526
5,3,331526
5,4,331526
5,5,331526
5,6,331526
5,7,331526
5,8,331526
5,9,462598
5,10,462598
5,11,495366
6,1,347910
6,2,347910
6,3,347910
6,4,347910
6,5,347910
6,6,356102
6,7,356102
6,8,356102
6,9,356102
6,10,356102
6,11,356102
7,1,347910
7,2,347910
7,3,347910
7,4,356102
7,5,356102
7,6,356102
7,7,356098
7,8,356098
7,9,354050
7,10,354054
7,11,386822
8,1,347910
8,2,347910
8,3,347910
8,4,347910
8,5,348038
8,6,348038
8,7,348038
8,8,348038
8,9,348038
8,10,348038
8,11,347910
9,1,347910
9,2,347910
9,3,347910
9,4,347910
9,5,347910
9,6,347910
9,7,347910
9,8,347910
9,9,347910
9,10,347910
9,11,347910
10,1,347910
10,2,347910
10,3,347910
10,4,346886
10,5,477958
10,6,477958
10,7,510726
10,8,508678
10,9,508678
10,10,516870
10,11,516870
1,1,360960
1,2,360960
1,3,360960
1,4,360960
1,5,360960
1,6,360960
1,7,360960
1,8,98816
1,9,98816
1,10,115200
1,11,115200
2,1,360960
2,2,360960
2,3,360960
2,4,360960
2,5,360960
2,6,360960
2,7,360960
2,8,360960
2,9,360960
2,10,360960
2,11,360960
3,1,360960
3,2,360960
3,3,360960
3,4,885248
3,5,885248
3,6,885248
3,7,885248
3,8,885248
3,9,884736
3,10,884736
3,11,1015808
4,1,360960
4,2,360960
4,3,360960
4,4,360960
4,5,360960
4,6,885248
4,7,885248
4,8,885248
4,9,885248
4,10,885248
4,11,885248
5,1,360960
5,2,377344
5,3,377344
5,4,377348
5,5,377348
5,6,377348
5,7,377348
5,8,377348
5,9,377344
5,10,377344
5,11,377344
6,1,360960
6,2,360960
6,3,360960
6,4,361088
6,5,361088
6,6,361088
6,7,361088
6,8,361344
6,9,361344
6,10,361344
6,11,361344
7,1,360960
7,2,360960
7,3,360960
7,4,360960
7,5,360960
7,6,360960
7,7,360960
7,8,360960
7,9,361984
7,10,361984
7,11,361984
8,1,360960
8,2,360960
8,3,360960
8,4,360960
8,5,360960
8,6,360960
8,7,360960
8,8,360960
8,9,360960
8,10,360960
8,11,885248
9,1,360960
9,2,360960
9,3,360960
9,4,360960
9,5,360960
9,6,360960
9,7,360960
9,8,360960
9,9,360960
9,10,360960
9,11,361216
10,1,360960
10,2,98816
10,3,98816
10,4,98816
10,5,99840
10,6,99840
10,7,99842
10,8,99842
10,9,99842
10,10,99842
10,11,99842
1,1,361344
1,2,361344
1,3,361344
1,4,362368
1,5,362368
1,6,362368
1,7,362368
1,8,362368
1,9,362370
1,10,362370
1,11,362370
2,1,361344
2,2,361344
2,3,361344
2,4,361344
2,5,361344
2,6,361344
2,7,361344
2,8,361344
2,9,361344
2,10,361344
2,11,361344
3,1,361344
3,2,361344
3,3,99200
3,4,99200
3,5,99200
3,6,99200
3,7,99200
3,8,99200
3,9,107392
3,10,107392
3,11,107392
4,1,361344
4,2,361344
4,3,361344
4,4,361344
4,5,361344
4,6,361344
4,7,361344
4,8,369536
4,9,369536
4,10,369536
4,11,893824
5,1,361344
5,2,361344
5,3,361344
5,4,361344
5,5,361344
5,6,361344
5,7,361344
5,8,361344
5,9,361344
5,10,361344
5,11,361344
6,1,361344
6,2,361344
6,3,361344
6,4,361344
6,5,361344
6,6,361344
6,7,361344
6,8,361344
6,9,99200
6,10,99200
6,11,115584
7,1,361344
7,2,361346
7,3,361346
7,4,377730
7,5,377734
7,6,377734
7,7,508806
7,8,508802
7,9,508674
7,10,508674
7,11,508674
8,1,361344
8,2,361344
8,3,361088
8,4,361088
8,5,361344
8,6,361344
8,7,885632
8,8,361344
8,9,361348
8,10,362372
8,11,362372
9,1,361344
9,2,361344
9,3,365440
9,4,365440
9,5,365440
9,6,365440
9,7,365444
9,8,365444
9,9,365444
9,10,366468
9,11,366468
10,1,361344
10,2,99200
10,3,99200
10,4,99200
10,5,99200
10,6,100224
10,7,100224
10,8,362368
10,9,362368
10,10,362368
10,11,362368
1,1,361346
1,2,362370
1,3,362370
1,4,362370
1,5,362370
1,6,362370
1,7,362374
1,8,362374
1,9,362374
1,10,362374
1,11,362438
2,1,361346
2,2,369538
2,3,369538
2,4,369536
2,5,369536
2,6,369536
2,7,361344
2,8,361344
2,9,361344
2,10,361344
2,11,361348
3,1,361346
3,2,361347
3,3,361347
3,4,361346
3,5,361346
3,6,492418
3,7,492418
3,8,492418
3,9,492290
3,10,492290
3,11,492288
4,1,361346
4,2,492418
4,3,492418
4,4,1016706
4,5,1016706
4,6,1016706
4,7,1016706
4,8,1016706
4,9,1016706
4,10,1016706
4,11,1016706
5,1,361346
5,2,361346
5,3,361346
5,4,362370
5,5,362370
5,6,362370
5,7,362370
5,8,362370
5,9,362370
5,10,362370
5,11,362370
6,1,361346
6,2,369538
6,3,369538
6,4,369538
6,5,369538
6,6,369538
6,7,369538
6,8,369538
6,9,369538
6,10,369538
6,11,369538
7,1,361346
7,2,361346
7,3,361346
7,4,361346
7,5,361346
7,6,361346
7,7,328578
7,8,328578
7,9,328578
7,10,328578
7,11,361346
8,1,361346
8,2,361346
8,3,361346
8,4,361346
8,5,361346
8,6,361346
8,7,361346
8,8,361346
8,9,361346
8,10,377730
8,11,377730
9,1,361346
9,2,361346
9,3,361346
9,4,369538
9,5,369538
9,6,369538
9,7,369538
9,8,369538
9,9,500610
9,10,501634
9,11,501634
10,1,361346
10,2,361346
10,3,361346
10,4,361346
10,5,361346
10,6,361346
10,7,377730
10,8,377730
10,9,377730
10,10,377730
10,11,379778
1,1,361350
1,2,361350
1,3,361350
1,4,361350
1,5,361350
1,6,361350
1,7,361350
1,8,361350
1,9,361350
1,10,361350
1,11,361350
2,1,361350
2,2,361350
2,3,377734
2,4,377734
2,5,377734
2,6,377732
2,7,377732
2,8,377732
2,9,377732
2,10,377732
2,11,377732
3,1,361350
3,2,362374
3,3,370566
3,4,370564
3,5,370564
3,6,370564
3,7,370564
3,8,370564
3,9,370564
3,10,370564
3,11,370566
4,1,361350
4,2,361350
4,3,361350
4,4,361350
4,5,361350
4,6,361350
4,7,362374
4,8,362374
4,9,362374
4,10,886662
4,11,1017734
5,1,361350
5,2,361350
5,3,361350
5,4,885638
5,5,885638
5,6,885638
5,7,885638
5,8,885638
5,9,885638
5,10,885638
5,11,885638
6,1,361350
6,2,361350
6,3,361350
6,4,361350
6,5,377734
6,6,377734
6,7,377734
6,8,377734
6,9,377734
6,10,377734
6,11,377734
7,1,361350
7,2,361350
7,3,361350
7,4,361350
7,5,361350
7,6,361350
7,7,361350
7,8,369542
7,9,369542
7,10,369542
7,11,369542
8,1,361350
8,2,361350
8,3,369542
8,4,369542
8,5,369542
8,6,369542
8,7,369542
8,8,369542
8,9,369542
8,10,369542
8,11,369542
9,1,361350
9,2,361350
9,3,377734
9,4,377734
9,5,377734
9,6,377734
9,7,377734
9,8,377734
9,9,377734
9,10,377734
9,11,377730
10,1,361350
10,2,361350
10,3,361348
10,4,361348
10,5,361348
10,6,361348
10,7,492420
10,8,492420
10,9,492420
10,10,361348
10,11,361344
1,1,361472
1,2,361474
1,3,361474
1,4,361472
1,5,361472
1,6,361984
1,7,361984
1,8,361984
1,9,361984
1,10,361984
1,11,361984
2,1,361472
2,2,361472
2,3,361472
2,4,361472
2,5,361472
2,6,361472
2,7,361472
2,8,361536
2,9,361536
2,10,361536
2,11,361536
3,1,361472
3,2,361984
3,3,361984
3,4,361984
3,5,886272
3,6,886272
3,7,886272
3,8,894464
3,9,632320
3,10,632320
3,11,632320
4,1,361472
4,2,361472
4,3,361472
4,4,361472
4,5,361472
4,6,361472
4,7,492544
4,8,492544
4,9,492544
4,10,492544
4,11,361472
5,1,361472
5,2,361472
5,3,361472
5,4,361472
5,5,361472
5,6,361472
5,7,361472
5,8,361472
5,9,361472
5,10,361472
5,11,361472
6,1,361472
6,2,361472
6,3,361472
6,4,361472
6,5,361472
6,6,361472
6,7,377856
6,8,377856
6,9,377856
6,10,377856
6,11,377856
7,1,361472
7,2,361472
7,3,361472
7,4,361472
7,5,361472
7,6,361472
7,7,361472
7,8,361472
7,9,361472
7,10,361472
7,11,361472
8,1,361472
8,2,361472
8,3,361472
8,4,361472
8,5,361472
8,6,361472
8,7,361472
8,8,361472
8,9,361472
8,10,361472
8,11,361472
9,1,361472
9,2,361472
9,3,361472
9,4,361472
9,5,361472
9,6,361472
9,7,361472
9,8,361472
9,9,361472
9,10,361472
9,11,361472
10,1,361472
10,2,361472
10,3,361472
10,4,361984
10,5,361984
10,6,361984
10,7,378368
10,8,378368
10,9,361984
10,10,370176
10,11,370176
1,1,361984
1,2,886272
1,3,886272
1,4,888320
1,5,888320
1,6,888320
1,7,888320
1,8,888320
1,9,888320
1,10,888320
1,11,888320
2,1,361984
2,2,361984
2,3,361984
2,4,361984
2,5,361984
2,6,361984
2,7,361984
2,8,361984
2,9,361984
2,10,361984
2,11,361984
3,1,361984
3,2,361984
3,3,361984
3,4,361984
3,5,361984
3,6,361984
3,7,361984
3,8,361984
3,9,361984
3,10,361984
3,11,361984
4,1,361984
4,2,361984
4,3,361984
4,4,361984
4,5,361984
4,6,361984
4,7,361984
4,8,361984
4,9,361984
4,10,361984
4,11,361984
5,1,361984
5,2,361984
5,3,361984
5,4,361984
5,5,361984
5,6,361984
5,7,329216
5,8,329216
5,9,329216
5,10,329216
5,11,329216
6,1,361984
6,2,886272
6,3,886272
6,4,886272
6,5,886272
6,6,886272
6,7,886272
6,8,886272
6,9,361984
6,10,361984
6,11,361984
7,1,361984
7,2,361984
7,3,361984
7,4,361984
7,5,361984
7,6,370176
7,7,370176
7,8,370176
7,9,369664
7,10,361472
7,11,361472
8,1,361984
8,2,364032
8,3,364032
8,4,364032
8,5,361984
8,6,99840
8,7,99840
8,8,99840
8,9,99840
8,10,99840
8,11,99840
9,1,361984
9,2,361984
9,3,361984
9,4,361984
9,5,361984
9,6,361984
9,7,361984
9,8,361984
9,9,361984
9,10,361984
9,11,361984
10,1,361984
10,2,361984
10,3,361984
10,4,361984
10,5,361984
10,6,361984
10,7,361984
10,8,361984
10,9,361984
10,10,361984
10,11,361472
1,1,362112
1,2,362112
1,3,362112
1,4,362112
1,5,361984
1,6,361984
1,7,361984
1,8,361984
1,9,361984
1,10,361984
1,11,361984
2,1,362112
2,2,361984
2,3,361984
2,4,361984
2,5,361984
2,6,361984
2,7,370176
2,8,370176
2,9,370176
2,10,370176
2,11,370176
3,1,362112
3,2,362112
3,3,362112
3,4,362112
3,5,378496
3,6,378496
3,7,378496
3,8,378496
3,9,378368
3,10,378368
3,11,378368
4,1,362112
4,2,362112
4,3,362112
4,4,362112
4,5,362368
4,6,362368
4,7,362368
4,8,362368
4,9,362368
4,10,362368
4,11,362368
5,1,362112
5,2,362112
5,3,361088
5,4,361088
5,5,361088
5,6,360960
5,7,360960
5,8,360960
5,9,360960
5,10,360960
5,11,360960
6,1,362112
6,2,362112
6,3,362112
6,4,362368
6,5,100224
6,6,100224
6,7,624512
6,8,624512
6,9,623488
6,10,623488
6,11,623488
7,1,362112
7,2,362114
7,3,362114
7,4,362114
7,5,362114
7,6,362114
7,7,362114
7,8,362118
7,9,362118
7,10,362118
7,11,362118
8,1,362112
8,2,362112
8,3,886400
8,4,886400
8,5,886400
8,6,886400
8,7,886400
8,8,886272
8,9,886272
8,10,624128
8,11,624128
9,1,362112
9,2,364160
9,3,364160
9,4,364164
9,5,364164
9,6,364160
9,7,364160
9,8,364160
9,9,364160
9,10,888448
9,11,888448
10,1,362112
10,2,362112
10,3,362112
10,4,362112
10,5,329344
10,6,362112
10,7,362112
10,8,362112
10,9,362112
10,10,362112
10,11,362112
1,1,362242
1,2,362242
1,3,362242
1,4,362370
1,5,362370
1,6,362370
1,7,362370
1,8,362370
1,9,362370
1,10,100226
1,11,100226
2,1,362242
2,2,362370
2,3,362370
2,4,362370
2,5,362370
2,6,362370
2,7,362370
2,8,362370
2,9,362370
2,10,362370
2,11,362370
3,1,362242
3,2,362242
3,3,362242
3,4,362242
3,5,362242
3,6,362242
3,7,362242
3,8,362242
3,9,370434
3,10,370434
3,11,370434
4,1,362242
4,2,362242
4,3,362242
4,4,370434
4,5,370434
4,6,370434
4,7,370434
4,8,370434
4,9,370434
4,10,362242
4,11,362242
5,1,362242
5,2,362242
5,3,378626
5,4,380674
5,5,380674
5,6,380674
5,7,380674
5,8,380674
5,9,380674
5,10,380674
5,11,380678
6,1,362242
6,2,362242
6,3,362242
6,4,362242
6,5,362242
6,6,362242
6,7,362242
6,8,362242
6,9,362242
6,10,362246
6,11,362246
7,1,362242
7,2,362242
7,3,362246
7,4,362246
7,5,362246
7,6,362246
7,7,362246
7,8,362246
7,9,362246
7,10,361990
7,11,370182
8,1,362242
8,2,362242
8,3,362246
8,4,362246
8,5,362246
8,6,296710
8,7,296710
8,8,296710
8,9,296710
8,10,296710
8,11,296710
9,1,362242
9,2,362242
9,3,362242
9,4,362242
9,5,362242
9,6,362242
9,7,362242
9,8,362370
9,9,362370
9,10,362370
9,11,362370
10,1,362242
10,2,362242
10,3,362242
10,4,361986
10,5,361986
10,6,361984
10,7,361988
10,8,361988
10,9,361988
10,10,361990
10,11,361990
1,1,362246
1,2,362246
1,3,362246
1,4,362242
1,5,362242
1,6,361218
1,7,361218
1,8,361216
1,9,361216
1,10,361216
1,11,361216
2,1,362246
2,2,362246
2,3,362246
2,4,362246
2,5,362242
2,6,362242
2,7,362242
2,8,493314
2,9,493314
2,10,493442
2,11,493442
3,1,362246
3,2,362246
3,3,362246
3,4,362246
3,5,362246
3,6,362246
3,7,362246
3,8,362242
3,9,362242
3,10,362242
3,11,362242
4,1,362246
4,2,362246
4,3,362246
4,4,362246
4,5,362244
4,6,361988
4,7,361988
4,8,361988
4,9,361988
4,10,361988
4,11,361988
5,1,362246
5,2,362246
5,3,362246
5,4,362246
5,5,362246
5,6,362246
5,7,362246
5,8,493318
5,9,493318
5,10,493318
5,11,493318
6,1,362246
6,2,362246
6,3,362246
6,4,362246
6,5,362246
6,6,493318
6,7,493318
6,8,493318
6,9,493318
6,10,493318
6,11,493318
7,1,362246
7,2,362374
7,3,362374
7,4,362374
7,5,362374
7,6,362374
7,7,362374
7,8,362374
7,9,378758
7,10,378756
7,11,378756
8,1,362246
8,2,362246
8,3,362246
8,4,362246
8,5,362246
8,6,362246
8,7,362246
8,8,362246
8,9,362246
8,10,362246
8,11,362246
9,1,362246
9,2,362246
9,3,362246
9,4,362246
9,5,362246
9,6,361222
9,7,361222
9,8,492294
9,9,500486
9,10,500486
9,11,500486
10,1,362246
10,2,362246
10,3,362246
10,4,362246
10,5,362246
10,6,364294
10,7,364294
10,8,364294
10,9,364294
10,10,372486
10,11,372486
1,1,362368
1,2,362368
1,3,362368
1,4,362368
1,5,362368
1,6,100224
1,7,100224
1,8,100224
1,9,100224
1,10,624512
1,11,623488
2,1,362368
2,2,362368
2,3,362368
2,4,362368
2,5,378752
2,6,378752
2,7,386944
2,8,386944
2,9,386944
2,10,388992
2,11,388992
3,1,362368
3,2,362368
3,3,362370
3,4,362370
3,5,362370
3,6,362370
3,7,362370
3,8,362370
3,9,362370
3,10,493442
3,11,493314
4,1,362368
4,2,362368
4,3,362368
4,4,362368
4,5,362240
4,6,362240
4,7,362240
4,8,362240
4,9,362240
4,10,362240
4,11,362240
5,1,362368
5,2,362368
5,3,362368
5,4,362368
5,5,362368
5,6,362368
5,7,362368
5,8,362368
5,9,362368
5,10,362368
5,11,362368
6,1,362368
6,2,362368
6,3,362368
6,4,493440
6,5,493440
6,6,493440
6,7,493440
6,8,493440
6,9,493440
6,10,493440
6,11,493444
7,1,362368
7,2,362368
7,3,362368
7,4,362368
7,5,362368
7,6,362368
7,7,362368
7,8,362368
7,9,362368
7,10,362372
7,11,362372
8,1,362368
8,2,362368
8,3,362368
8,4,362368
8,5,362368
8,6,362368
8,7,362368
8,8,362368
8,9,362368
8,10,362368
8,11,362368
9,1,362368
9,2,362368
9,3,362368
9,4,362368
9,5,362368
9,6,362368
9,7,362368
9,8,362368
9,9,362368
9,10,362368
9,11,362368
10,1,362368
10,2,362368
10,3,362368
10,4,362368
10,5,362368
10,6,362368
10,7,362240
10,8,362240
10,9,370432
10,10,370432
10,11,370432
