simulation,timestep,config_id
1,1,362370
1,2,362370
1,3,362370
1,4,362370
1,5,362370
1,6,362370
1,7,362370
1,8,362370
1,9,362370
1,10,362370
1,11,362370
2,1,362370
2,2,362370
2,3,362370
2,4,361346
2,5,361346
2,6,361346
2,7,362370
2,8,362370
2,9,362370
2,10,362370
2,11,362370
3,1,362370
3,2,362370
3,3,362370
3,4,362370
3,5,364418
3,6,364418
3,7,364418
3,8,364418
3,9,364418
3,10,364290
3,11,364034
4,1,362370
4,2,362370
4,3,362370
4,4,362370
4,5,362370
4,6,362370
4,7,362370
4,8,364418
4,9,364418
4,10,364418
4,11,364418
5,1,362370
5,2,362370
5,3,362242
5,4,362242
5,5,362242
5,6,361218
5,7,361218
5,8,361218
5,9,361218
5,10,361218
5,11,360962
6,1,362370
6,2,362370
6,3,362370
6,4,362370
6,5,362370
6,6,362370
6,7,362370
6,8,100226
6,9,100224
6,10,100224
6,11,100224
7,1,362370
7,2,362370
7,3,362370
7,4,362370
7,5,362370
7,6,362370
7,7,362370
7,8,493442
7,9,493442
7,10,493442
7,11,493442
8,1,362370
8,2,100226
8,3,99714
8,4,99714
8,5,101762
8,6,101762
8,7,101762
8,8,101762
8,9,101762
8,10,101762
8,11,101762
9,1,362370
9,2,362370
9,3,362370
9,4,362370
9,5,362370
9,6,362370
9,7,362370
9,8,362370
9,9,362370
9,10,329602
9,11,329602
10,1,362370
10,2,362370
10,3,362368
10,4,362368
10,5,362368
10,6,362368
10,7,362368
10,8,370560
10,9,370560
10,10,370560
10,11,370560
1,1,362374
1,2,362374
1,3,362374
1,4,362374
1,5,362374
1,6,362246
1,7,362246
1,8,362246
1,9,362374
1,10,362374
1,11,362374
2,1,362374
2,2,362374
2,3,362374
2,4,362374
2,5,362374
2,6,362374
2,7,362374
2,8,362374
2,9,362374
2,10,362374
2,11,362374
3,1,362374
3,2,362374
3,3,362374
3,4,362246
3,5,362246
3,6,362246
3,7,362246
3,8,362246
3,9,362246
3,10,362246
3,11,362246
4,1,362374
4,2,362374
4,3,362374
4,4,362374
4,5,362374
4,6,370566
4,7,370566
4,8,370566
4,9,370566
4,10,370566
4,11,370566
5,1,362374
5,2,362374
5,3,362374
5,4,362374
5,5,362374
5,6,362374
5,7,362374
5,8,362374
5,9,362374
5,10,361862
5,11,886150
6,1,362374
6,2,362374
6,3,362374
6,4,362374
6,5,362374
6,6,362374
6,7,362374
6,8,493446
6,9,493446
6,10,493446
6,11,493446
7,1,362374
7,2,362374
7,3,362374
7,4,493446
7,5,493446
7,6,493446
7,7,493446
7,8,493446
7,9,493446
7,10,493447
7,11,493447
8,1,362374
8,2,362374
8,3,362374
8,4,362375
8,5,362375
8,6,493447
8,7,493447
8,8,493447
8,9,493447
8,10,493447
8,11,493447
9,1,362374
9,2,362374
9,3,362374
9,4,362374
9,5,362374
9,6,362374
9,7,362374
9,8,362374
9,9,362374
9,10,362374
9,11,362246
10,1,362374
10,2,362374
10,3,362374
10,4,362374
10,5,362374
10,6,362374
10,7,362374
10,8,362374
10,9,362246
10,10,362246
10,11,362246
1,1,362376
1,2,362376
1,3,362376
1,4,362376
1,5,362376
1,6,362376
1,7,362376
1,8,362376
1,9,362376
1,10,362376
1,11,361352
2,1,362376
2,2,362376
2,3,362376
2,4,362376
2,5,362376
2,6,362376
2,7,362376
2,8,362376
2,9,362376
2,10,362376
2,11,362378
3,1,362376
3,2,362376
3,3,296840
3,4,296840
3,5,296841
3,6,296841
3,7,296905
3,8,296841
3,9,296841
3,10,427913
3,11,427913
4,1,362376
4,2,362376
4,3,362376
4,4,362376
4,5,362376
4,6,362376
4,7,362376
4,8,362376
4,9,362376
4,10,362378
4,11,362378
5,1,362376
5,2,362376
5,3,362376
5,4,362376
5,5,362376
5,6,362376
5,7,362380
5,8,296844
5,9,296844
5,10,296836
5,11,296836
6,1,362376
6,2,362376
6,3,362376
6,4,362376
6,5,362376
6,6,362376
6,7,362376
6,8,370568
6,9,370568
6,10,370568
6,11,370568
7,1,362376
7,2,362376
7,3,362376
7,4,362376
7,5,362376
7,6,362376
7,7,362376
7,8,493448
7,9,493448
7,10,493448
7,11,493448
8,1,362376
8,2,362376
8,3,886664
8,4,886664
8,5,886664
8,6,886664
8,7,362376
8,8,362376
8,9,362376
8,10,362376
8,11,362376
9,1,362376
9,2,362376
9,3,364424
9,4,364424
9,5,364424
9,6,102280
9,7,102280
9,8,102272
9,9,102272
9,10,110464
9,11,110464
10,1,362376
10,2,362376
10,3,362376
10,4,362376
10,5,886664
10,6,886664
10,7,886664
10,8,886664
10,9,886664
10,10,886664
10,11,886664
1,1,362382
1,2,362382
1,3,362382
1,4,362382
1,5,362382
1,6,362382
1,7,362382
1,8,362382
1,9,362382
1,10,362382
1,11,362382
2,1,362382
2,2,362378
2,3,362378
2,4,362378
2,5,362378
2,6,362378
2,7,362378
2,8,361354
2,9,361354
2,10,361354
2,11,361354
3,1,362382
3,2,493454
3,3,493454
3,4,493454
3,5,493454
3,6,493454
3,7,362382
3,8,362374
3,9,362374
3,10,362374
3,11,362374
4,1,362382
4,2,362382
4,3,362382
4,4,362382
4,5,362382
4,6,362382
4,7,362382
4,8,362382
4,9,296846
4,10,296846
4,11,296846
5,1,362382
5,2,362382
5,3,362382
5,4,362374
5,5,362374
5,6,362374
5,7,362374
5,8,362374
5,9,296838
5,10,296838
5,11,296838
6,1,362382
6,2,362382
6,3,362382
6,4,362382
6,5,362382
6,6,362382
6,7,362382
6,8,362382
6,9,362382
6,10,362382
6,11,362382
7,1,362382
7,2,362382
7,3,362382
7,4,362382
7,5,362382
7,6,362382
7,7,362382
7,8,362382
7,9,362382
7,10,362382
7,11,362382
8,1,362382
8,2,362382
8,3,362382
8,4,362382
8,5,362382
8,6,362382
8,7,362382
8,8,362374
8,9,362374
8,10,493446
8,11,493446
9,1,362382
9,2,362382
9,3,362382
9,4,362382
9,5,362382
9,6,362382
9,7,362382
9,8,362382
9,9,362382
9,10,362382
9,11,296846
10,1,362382
10,2,362382
10,3,362382
10,4,362382
10,5,362382
10,6,362382
10,7,362382
10,8,362382
10,9,362382
10,10,362382
10,11,362382
1,1,364420
1,2,364416
1,3,364416
1,4,364416
1,5,364416
1,6,364416
1,7,368512
1,8,368512
1,9,368512
1,10,368514
1,11,368514
2,1,364420
2,2,372612
2,3,896900
2,4,896900
2,5,1027972
2,6,1027972
2,7,1027972
2,8,1027972
2,9,1027972
2,10,1019780
2,11,1019780
3,1,364420
3,2,364420
3,3,364420
3,4,364420
3,5,364420
3,6,364420
3,7,364420
3,8,364420
3,9,364420
3,10,364420
3,11,364420
4,1,364420
4,2,364420
4,3,364420
4,4,364420
4,5,364420
4,6,364420
4,7,364416
4,8,364416
4,9,364416
4,10,364416
4,11,102272
5,1,364420
5,2,364420
5,3,364420
5,4,364420
5,5,364420
5,6,364420
5,7,362372
5,8,296836
5,9,296836
5,10,821124
5,11,821124
6,1,364420
6,2,364420
6,3,364420
6,4,364420
6,5,364420
6,6,364420
6,7,331652
6,8,331652
6,9,331652
6,10,331652
6,11,331652
7,1,364420
7,2,364420
7,3,368516
7,4,368516
7,5,368516
7,6,499588
7,7,499589
7,8,499589
7,9,495493
7,10,495493
7,11,495493
8,1,364420
8,2,364420
8,3,364420
8,4,888708
8,5,896900
8,6,896896
8,7,1027968
8,8,1027968
8,9,1027968
8,10,1027968
8,11,1044352
9,1,364420
9,2,364420
9,3,364420
9,4,364420
9,5,364420
9,6,364420
9,7,364420
9,8,372612
9,9,388996
9,10,388996
9,11,520068
10,1,364420
10,2,364420
10,3,364420
10,4,102276
10,5,626564
10,6,626564
10,7,626564
10,8,102276
10,9,364420
10,10,364420
10,11,368516
1,1,369280
1,2,369280
1,3,369280
1,4,369280
1,5,369280
1,6,369280
1,7,369280
1,8,369280
1,9,369280
1,10,370304
1,11,370304
2,1,369280
2,2,369280
2,3,369280
2,4,369280
2,5,369280
2,6,361088
2,7,361088
2,8,361088
2,9,362112
2,10,361984
2,11,361984
3,1,369280
3,2,369280
3,3,385664
3,4,385664
3,5,385664
3,6,385664
3,7,369280
3,8,369280
3,9,369280
3,10,369280
3,11,369536
4,1,369280
4,2,369280
4,3,107136
4,4,123520
4,5,123392
4,6,115200
4,7,115200
4,8,115200
4,9,639488
4,10,640512
4,11,640512
5,1,369280
5,2,369280
5,3,369152
5,4,336384
5,5,336384
5,6,336384
5,7,336384
5,8,336384
5,9,336384
5,10,336384
5,11,352768
6,1,369280
6,2,385664
6,3,385664
6,4,385664
6,5,385665
6,6,385665
6,7,385665
6,8,385665
6,9,385665
6,10,909953
6,11,909953
7,1,369280
7,2,369280
7,3,369280
7,4,369280
7,5,369536
7,6,369536
7,7,369536
7,8,369536
7,9,369536
7,10,369536
7,11,369536
8,1,369280
8,2,369152
8,3,369152
8,4,369152
8,5,385536
8,6,385536
8,7,385536
8,8,385536
8,9,385536
8,10,385536
8,11,385536
9,1,369280
9,2,369280
9,3,369280
9,4,369280
9,5,369280
9,6,369280
9,7,369280
9,8,369280
9,9,369152
9,10,369152
9,11,369152
10,1,369280
10,2,369536
10,3,369536
10,4,369536
10,5,369536
10,6,385920
10,7,385920
10,8,385920
10,9,385920
10,10,385920
10,11,385920
1,1,369543
1,2,370567
1,3,370567
1,4,370567
1,5,370567
1,6,894855
1,7,894855
1,8,1025927
1,9,1025927
1,10,1025927
1,11,1025927
2,1,369543
2,2,369543
2,3,369542
2,4,369542
2,5,500614
2,6,500614
2,7,500486
2,8,500486
2,9,492294
2,10,492294
2,11,492294
3,1,369543
3,2,369543
3,3,369543
3,4,369543
3,5,370567
3,6,501639
3,7,501639
3,8,501639
3,9,501639
3,10,501639
3,11,501639
4,1,369543
4,2,369543
4,3,369543
4,4,107399
4,5,107399
4,6,41863
4,7,41863
4,8,41863
4,9,41863
4,10,41863
4,11,43911
5,1,369543
5,2,369543
5,3,369543
5,4,369543
5,5,893831
5,6,893831
5,7,1024903
5,8,1024903
5,9,1041287
5,10,1041287
5,11,1041287
6,1,369543
6,2,385927
6,3,369543
6,4,500615
6,5,500615
6,6,500615
6,7,501639
6,8,503687
6,9,503687
6,10,503687
6,11,503687
7,1,369543
7,2,369543
7,3,370567
7,4,370567
7,5,369543
7,6,369543
7,7,369543
7,8,369543
7,9,370567
7,10,370567
7,11,370567
8,1,369543
8,2,369543
8,3,369543
8,4,369543
8,5,369543
8,6,369543
8,7,369541
8,8,369541
8,9,369541
8,10,369541
8,11,369541
9,1,369543
9,2,369543
9,3,369543
9,4,369543
9,5,500615
9,6,500615
9,7,492423
9,8,492423
9,9,492422
9,10,492422
9,11,492422
10,1,369543
10,2,369543
10,3,370567
10,4,370567
10,5,370567
10,6,370567
10,7,370567
10,8,370567
10,9,370567
10,10,370567
10,11,370567
1,1,370438
1,2,370438
1,3,370182
1,4,370182
1,5,370182
1,6,501254
1,7,501254
1,8,501254
1,9,500742
1,10,517126
1,11,517126
2,1,370438
2,2,894726
2,3,894726
2,4,894726
2,5,894726
2,6,370438
2,7,370182
2,8,370182
2,9,370182
2,10,370182
2,11,370182
3,1,370438
3,2,370438
3,3,370438
3,4,370566
3,5,370566
3,6,370566
3,7,370566
3,8,370566
3,9,370566
3,10,370566
3,11,370566
4,1,370438
4,2,370438
4,3,370438
4,4,370438
4,5,370438
4,6,370438
4,7,370438
4,8,370438
4,9,894726
4,10,894726
4,11,894726
5,1,370438
5,2,370438
5,3,370438
5,4,370438
5,5,370438
5,6,370438
5,7,370438
5,8,370438
5,9,370438
5,10,370438
5,11,370438
6,1,370438
6,2,370438
6,3,370438
6,4,370438
6,5,370566
6,6,370566
6,7,372614
6,8,372614
6,9,372614
6,10,372614
6,11,372614
7,1,370438
7,2,370438
7,3,370438
7,4,362246
7,5,362246
7,6,362246
7,7,362246
7,8,362246
7,9,362246
7,10,370438
7,11,370438
8,1,370438
8,2,894726
8,3,894726
8,4,894726
8,5,894726
8,6,894726
8,7,894726
8,8,894726
8,9,1025798
8,10,1025794
8,11,1025794
9,1,370438
9,2,370438
9,3,370438
9,4,370438
9,5,370438
9,6,370438
9,7,362246
9,8,362246
9,9,362246
9,10,362246
9,11,362246
10,1,370438
10,2,370438
10,3,370438
10,4,370438
10,5,370438
10,6,501510
10,7,501510
10,8,501638
10,9,501638
10,10,501638
10,11,501638
1,1,370564
1,2,370564
1,3,370564
1,4,370564
1,5,362372
1,6,362372
1,7,362374
1,8,362374
1,9,362374
1,10,362374
1,11,362374
2,1,370564
2,2,370564
2,3,370564
2,4,370564
2,5,894852
2,6,894852
2,7,894852
2,8,894852
2,9,894852
2,10,894852
2,11,894852
3,1,370564
3,2,370564
3,3,370560
3,4,370560
3,5,362368
3,6,362368
3,7,362368
3,8,362368
3,9,362368
3,10,362370
3,11,362370
4,1,370564
4,2,370564
4,3,370564
4,4,362372
4,5,364420
4,6,364420
4,7,362372
4,8,362372
4,9,362372
4,10,362372
4,11,362372
5,1,370564
5,2,894852
5,3,894852
5,4,894852
5,5,894852
5,6,894852
5,7,894852
5,8,894852
5,9,894852
5,10,894852
5,11,894854
6,1,370564
6,2,370564
6,3,370564
6,4,370564
6,5,370564
6,6,370564
6,7,370564
6,8,370564
6,9,370564
6,10,370564
6,11,370564
7,1,370564
7,2,370564
7,3,370560
7,4,370560
7,5,370561
7,6,370561
7,7,370560
7,8,894848
7,9,894848
7,10,894848
7,11,894848
8,1,370564
8,2,370564
8,3,370564
8,4,370564
8,5,370564
8,6,370564
8,7,370560
8,8,370560
8,9,370560
8,10,337792
8,11,370560
9,1,370564
9,2,370564
9,3,370564
9,4,370564
9,5,370564
9,6,370564
9,7,370564
9,8,370566
9,9,369542
9,10,369542
9,11,369542
10,1,370564
10,2,370566
10,3,370566
10,4,370566
10,5,370566
10,6,370566
10,7,370566
10,8,370566
10,9,370566
10,10,370566
10,11,370566
1,1,370630
1,2,370630
1,3,370630
1,4,370630
1,5,370630
1,6,362438
1,7,886726
1,8,886726
1,9,890822
1,10,890822
1,11,890822
2,1,370630
2,2,370566
2,3,370566
2,4,370566
2,5,894854
2,6,894854
2,7,894854
2,8,894854
2,9,894854
2,10,894854
2,11,896902
3,1,370630
3,2,370630
3,3,370630
3,4,370630
3,5,370630
3,6,370630
3,7,501702
3,8,501702
3,9,501702
3,10,501702
3,11,501702
4,1,370630
4,2,370630
4,3,370630
4,4,369606
4,5,369607
4,6,369607
4,7,361415
4,8,361415
4,9,361415
4,10,361415
4,11,361411
5,1,370630
5,2,370630
5,3,370630
5,4,370630
5,5,370630
5,6,370630
5,7,370630
5,8,370630
5,9,370630
5,10,370630
5,11,370630
6,1,370630
6,2,370630
6,3,894918
6,4,894918
6,5,894914
6,6,894914
6,7,370626
6,8,370624
6,9,370624
6,10,370624
6,11,370624
7,1,370630
7,2,370566
7,3,370566
7,4,370566
7,5,370566
7,6,894854
7,7,370566
7,8,370566
7,9,370566
7,10,370566
7,11,370566
8,1,370630
8,2,370630
8,3,370630
8,4,370630
8,5,370630
8,6,372678
8,7,372614
8,8,372614
8,9,370566
8,10,370566
8,11,370566
9,1,370630
9,2,894918
9,3,894918
9,4,894918
9,5,894918
9,6,894918
9,7,894918
9,8,894918
9,9,894918
9,10,894918
9,11,894918
10,1,370630
10,2,370630
10,3,370630
10,4,370630
10,5,370630
10,6,370630
10,7,370630
10,8,370630
10,9,370630
10,10,370630
10,11,370630
1,1,372610
1,2,372608
1,3,372608
1,4,364416
1,5,364416
1,6,364416
1,7,364416
1,8,102272
1,9,626560
1,10,626560
1,11,626560
2,1,372610
2,2,372610
2,3,372610
2,4,372610
2,5,372482
2,6,372482
2,7,372482
2,8,372610
2,9,372610
2,10,372610
2,11,503682
3,1,372610
3,2,372610
3,3,372610
3,4,372610
3,5,372610
3,6,372610
3,7,372610
3,8,372610
3,9,372610
3,10,372610
3,11,372610
4,1,372610
4,2,372614
4,3,372614
4,4,372614
4,5,372614
4,6,372614
4,7,372614
4,8,372614
4,9,372614
4,10,372614
4,11,372614
5,1,372610
5,2,372610
5,3,372610
5,4,372610
5,5,110466
5,6,110466
5,7,102274
5,8,626562
5,9,626562
5,10,626562
5,11,626566
6,1,372610
6,2,372610
6,3,372608
6,4,370560
6,5,370560
6,6,370560
6,7,370560
6,8,370560
6,9,370560
6,10,370560
6,11,370560
7,1,372610
7,2,372610
7,3,372610
7,4,371586
7,5,371586
7,6,371586
7,7,369538
7,8,369538
7,9,369538
7,10,385922
7,11,516994
8,1,372610
8,2,372610
8,3,372610
8,4,372610
8,5,372610
8,6,372610
8,7,372608
8,8,376704
8,9,376704
8,10,376704
8,11,376704
9,1,372610
9,2,372610
9,3,372610
9,4,372610
9,5,372610
9,6,372610
9,7,372482
9,8,370434
9,9,370434
9,10,362242
9,11,362242
10,1,372610
10,2,503682
10,3,503682
10,4,503682
10,5,501634
10,6,501634
10,7,501634
10,8,501634
10,9,501634
10,10,501634
10,11,501634
1,1,372614
1,2,370566
1,3,501638
1,4,501638
1,5,501638
1,6,501638
1,7,501638
1,8,501638
1,9,501638
1,10,501638
1,11,501638
2,1,372614
2,2,372614
2,3,372614
2,4,372614
2,5,372614
2,6,372614
2,7,372614
2,8,896902
2,9,896902
2,10,896902
2,11,896902
3,1,372614
3,2,372614
3,3,372646
3,4,372646
3,5,372646
3,6,372646
3,7,372646
3,8,372646
3,9,372646
3,10,372646
3,11,372646
4,1,372614
4,2,372614
4,3,372614
4,4,110470
4,5,110470
4,6,372614
4,7,372614
4,8,110470
4,9,110470
4,10,110470
4,11,114566
5,1,372614
5,2,372614
5,3,372614
5,4,370566
5,5,370566
5,6,362374
5,7,362374
5,8,362374
5,9,362374
5,10,362374
5,11,362246
6,1,372614
6,2,372614
6,3,372614
6,4,372614
6,5,372614
6,6,372614
6,7,503686
6,8,503686
6,9,503686
6,10,503687
6,11,503687
7,1,372614
7,2,372614
7,3,503686
7,4,503686
7,5,503686
7,6,503686
7,7,503686
7,8,503686
7,9,503686
7,10,503686
7,11,503686
8,1,372614
8,2,372614
8,3,372614
8,4,110470
8,5,110470
8,6,110470
8,7,110470
8,8,372614
8,9,372614
8,10,372614
8,11,364422
9,1,372614
9,2,372614
9,3,372614
9,4,372614
9,5,372614
9,6,372614
9,7,372614
9,8,372614
9,9,372614
9,10,372614
9,11,372614
10,1,372614
10,2,372614
10,3,372614
10,4,372614
10,5,372614
10,6,372614
10,7,372614
10,8,372614
10,9,372614
10,10,372612
10,11,372608
1,1,376832
1,2,376832
1,3,376832
1,4,376832
1,5,376832
1,6,377344
1,7,377344
1,8,377344
1,9,377344
1,10,377344
1,11,377344
2,1,376832
2,2,376832
2,3,311296
2,4,311296
2,5,311296
2,6,278528
2,7,278528
2,8,278528
2,9,262144
2,10,262144
2,11,262144
3,1,376832
3,2,114688
3,3,114688
3,4,114688
3,5,114688
3,6,114688
3,7,114688
3,8,114688
3,9,114688
3,10,98304
3,11,98304
4,1,376832
4,2,376832
4,3,376832
4,4,376832
4,5,376832
4,6,376832
4,7,376832
4,8,507904
4,9,507904
4,10,507904
4,11,507904
5,1,376832
5,2,376832
5,3,376832
5,4,376832
5,5,376833
5,6,360449
5,7,360449
5,8,360449
5,9,360449
5,10,360448
5,11,884736
6,1,376832
6,2,376832
6,3,376832
6,4,376832
6,5,376832
6,6,376832
6,7,376832
6,8,376832
6,9,376832
6,10,376832
6,11,376832
7,1,376832
7,2,376832
7,3,376832
7,4,376832
7,5,376832
7,6,376832
7,7,376832
7,8,376832
7,9,376832
7,10,376832
7,11,376832
8,1,376832
8,2,376832
8,3,376832
8,4,376832
8,5,376832
8,6,377344
8,7,377344
8,8,360960
8,9,360960
8,10,360960
8,11,360960
9,1,376832
9,2,376832
9,3,376832
9,4,376832
9,5,376832
9,6,376832
9,7,376832
9,8,376896
9,9,376896
9,10,311360
9,11,311360
10,1,376832
10,2,376832
10,3,376832
10,4,376832
10,5,376832
10,6,376832
10,7,376832
10,8,376832
10,9,385024
10,10,385024
10,11,376832
1,1,376838
1,2,376838
1,3,377350
1,4,377350
1,5,377350
1,6,377348
1,7,377348
1,8,377348
1,9,377348
1,10,377348
1,11,377348
2,1,376838
2,2,376838
2,3,376838
2,4,376838
2,5,376838
2,6,376839
2,7,376839
2,8,376839
2,9,376839
2,10,376839
2,11,376839
3,1,376838
3,2,376838
3,3,377350
3,4,377350
3,5,377350
3,6,377350
3,7,377350
3,8,377350
3,9,377350
3,10,376838
3,11,376838
4,1,376838
4,2,376838
4,3,376838
4,4,376838
4,5,376838
4,6,376838
4,7,376838
4,8,376838
4,9,376838
4,10,376838
4,11,376838
5,1,376838
5,2,376838
5,3,376838
5,4,376838
5,5,376838
5,6,114694
5,7,114694
5,8,114694
5,9,114694
5,10,114694
5,11,376838
6,1,376838
6,2,376838
6,3,376838
6,4,376838
6,5,376838
6,6,377350
6,7,377350
6,8,377350
6,9,377350
6,10,377350
6,11,377350
7,1,376838
7,2,376838
7,3,376838
7,4,376838
7,5,376836
7,6,376836
7,7,376836
7,8,376836
7,9,376836
7,10,376836
7,11,376832
8,1,376838
8,2,376838
8,3,376838
8,4,376838
8,5,376838
8,6,376838
8,7,376838
8,8,360454
8,9,360454
8,10,360454
8,11,360454
9,1,376838
9,2,376838
9,3,376838
9,4,376838
9,5,377350
9,6,377350
9,7,377350
9,8,377350
9,9,377350
9,10,377350
9,11,377350
10,1,376838
10,2,376838
10,3,376838
10,4,376838
10,5,376838
10,6,377862
10,7,377862
10,8,377862
10,9,377862
10,10,377862
10,11,378374
1,1,377348
1,2,378372
1,3,378372
1,4,378372
1,5,378372
1,6,378368
1,7,378368
1,8,378368
1,9,116224
1,10,116224
1,11,116228
2,1,377348
2,2,385540
2,3,385540
2,4,385540
2,5,385540
2,6,385540
2,7,385540
2,8,385540
2,9,387588
2,10,385540
2,11,385540
3,1,377348
3,2,377348
3,3,377348
3,4,377348
3,5,377348
3,6,377348
3,7,377348
3,8,377348
3,9,377348
3,10,377348
3,11,377348
4,1,377348
4,2,377348
4,3,377348
4,4,377348
4,5,377348
4,6,377348
4,7,377350
4,8,377350
4,9,377350
4,10,377350
4,11,377350
5,1,377348
5,2,377348
5,3,377348
5,4,377344
5,5,377344
5,6,377344
5,7,377344
5,8,377344
5,9,377344
5,10,377344
5,11,377344
6,1,377348
6,2,377348
6,3,377350
6,4,377350
6,5,377350
6,6,377350
6,7,377350
6,8,377350
6,9,377350
6,10,377350
6,11,377350
7,1,377348
7,2,377348
7,3,377348
7,4,377348
7,5,377348
7,6,377348
7,7,377348
7,8,377348
7,9,377350
7,10,377350
7,11,377350
8,1,377348
8,2,377348
8,3,377348
8,4,377348
8,5,377348
8,6,377348
8,7,377344
8,8,377344
8,9,377344
8,10,377344
8,11,377344
9,1,377348
9,2,377348
9,3,377348
9,4,377348
9,5,377348
9,6,377348
9,7,385540
9,8,385540
9,9,385540
9,10,385540
9,11,385540
10,1,377348
10,2,377348
10,3,377348
10,4,377348
10,5,377348
10,6,377348
10,7,377348
10,8,377348
10,9,377348
10,10,377348
10,11,377348
1,1,377350
1,2,377346
1,3,508418
1,4,508416
1,5,508416
1,6,508416
1,7,508418
1,8,508418
1,9,508418
1,10,508418
1,11,508418
2,1,377350
2,2,377350
2,3,377350
2,4,377350
2,5,377350
2,6,377606
2,7,377606
2,8,377606
2,9,377606
2,10,377606
2,11,377606
3,1,377350
3,2,377350
3,3,377350
3,4,377350
3,5,377350
3,6,377350
3,7,377350
3,8,377350
3,9,377350
3,10,360966
3,11,360966
4,1,377350
4,2,377350
4,3,377350
4,4,377350
4,5,377350
4,6,377350
4,7,377350
4,8,377350
4,9,377350
4,10,377350
4,11,377350
5,1,377350
5,2,377350
5,3,377350
5,4,360966
5,5,360966
5,6,369158
5,7,369158
5,8,369158
5,9,360966
5,10,360966
5,11,360966
6,1,377350
6,2,377350
6,3,385542
6,4,385542
6,5,385542
6,6,385542
6,7,385542
6,8,385542
6,9,385542
6,10,385542
6,11,377350
7,1,377350
7,2,377350
7,3,377350
7,4,377350
7,5,377350
7,6,385542
7,7,385542
7,8,385542
7,9,385542
7,10,385542
7,11,386566
8,1,377350
8,2,377350
8,3,377350
8,4,377350
8,5,377350
8,6,377350
8,7,377350
8,8,377606
8,9,377606
8,10,378630
8,11,378630
9,1,377350
9,2,377350
9,3,377350
9,4,377350
9,5,377350
9,6,311814
9,7,311814
9,8,311814
9,9,311815
9,10,311815
9,11,311815
10,1,377350
10,2,377350
10,3,377350
10,4,377350
10,5,377350
10,6,508422
10,7,508422
10,8,508422
10,9,508422
10,10,508422
10,11,508422
1,1,377600
1,2,377600
1,3,377600
1,4,377600
1,5,377600
1,6,377600
1,7,377600
1,8,377600
1,9,377600
1,10,377600
1,11,377600
2,1,377600
2,2,377600
2,3,377600
2,4,377600
2,5,361216
2,6,361216
2,7,361216
2,8,361216
2,9,361216
2,10,361216
2,11,361216
3,1,377600
3,2,377600
3,3,377600
3,4,377600
3,5,377600
3,6,377600
3,7,377600
3,8,377600
3,9,377600
3,10,377728
3,11,377728
4,1,377600
4,2,377600
4,3,377600
4,4,377600
4,5,377600
4,6,377600
4,7,377600
4,8,377600
4,9,377600
4,10,377600
4,11,377600
5,1,377600
5,2,377600
5,3,377600
5,4,377600
5,5,377600
5,6,344832
5,7,344832
5,8,344832
5,9,475904
5,10,475904
5,11,475904
6,1,377600
6,2,377600
6,3,377600
6,4,377600
6,5,377600
6,6,377600
6,7,377600
6,8,378624
6,9,378624
6,10,378624
6,11,378624
7,1,377600
7,2,377600
7,3,377600
7,4,377600
7,5,377600
7,6,377600
7,7,115456
7,8,115456
7,9,115456
7,10,115456
7,11,115456
8,1,377600
8,2,377600
8,3,377600
8,4,377600
8,5,377600
8,6,377600
8,7,377600
8,8,377600
8,9,377600
8,10,377600
8,11,377600
9,1,377600
9,2,377600
9,3,377600
9,4,377600
9,5,377728
9,6,377728
9,7,377728
9,8,377728
9,9,377728
9,10,377728
9,11,377728
10,1,377600
10,2,377600
10,3,377602
10,4,377602
10,5,377602
10,6,377602
10,7,377602
10,8,377730
10,9,377730
10,10,377730
10,11,377730
1,1,378758
1,2,378758
1,3,378758
1,4,378758
1,5,378758
1,6,378758
1,7,378758
1,8,378758
1,9,378758
1,10,378758
1,11,345990
2,1,378758
2,2,378758
2,3,378758
2,4,378758
2,5,378758
2,6,378758
2,7,378758
2,8,509830
2,9,509830
2,10,509830
2,11,509830
3,1,378758
3,2,378758
3,3,378758
3,4,378758
3,5,378758
3,6,378758
3,7,378758
3,8,378758
3,9,378758
3,10,378758
3,11,378630
4,1,378758
4,2,378758
4,3,378758
4,4,378758
4,5,378758
4,6,378758
4,7,378758
4,8,378758
4,9,386950
4,10,386950
4,11,386950
5,1,378758
5,2,378758
5,3,378758
5,4,378756
5,5,378756
5,6,378756
5,7,378756
5,8,378756
5,9,378756
5,10,380804
5,11,380804
6,1,378758
6,2,378758
6,3,377734
6,4,377732
6,5,377732
6,6,377732
6,7,378756
6,8,378756
6,9,378756
6,10,378756
6,11,378756
7,1,378758
7,2,362374
7,3,362374
7,4,378758
7,5,378758
7,6,378758
7,7,362374
7,8,362374
7,9,362374
7,10,362374
7,11,362374
8,1,378758
8,2,362374
8,3,362374
8,4,362374
8,5,493446
8,6,493442
8,7,493442
8,8,493442
8,9,493442
8,10,493446
8,11,493446
9,1,378758
9,2,378758
9,3,378758
9,4,378758
9,5,378758
9,6,378758
9,7,362374
9,8,362374
9,9,362374
9,10,362374
9,11,362374
10,1,378758
10,2,378758
10,3,378758
10,4,378758
10,5,509830
10,6,509830
10,7,508806
10,8,508806
10,9,508806
10,10,508806
10,11,508806
1,1,385536
1,2,352768
1,3,352768
1,4,352768
1,5,385536
1,6,385536
1,7,123392
1,8,123392
1,9,123392
1,10,123392
1,11,123392
2,1,385536
2,2,385536
2,3,385536
2,4,385536
2,5,385536
2,6,385536
2,7,385536
2,8,385536
2,9,385536
2,10,123392
2,11,647680
3,1,385536
3,2,385536
3,3,385536
3,4,385536
3,5,385536
3,6,385536
3,7,385537
3,8,385539
3,9,385539
3,10,385537
3,11,385537
4,1,385536
4,2,385536
4,3,385536
4,4,385536
4,5,385536
4,6,385536
4,7,385536
4,8,385536
4,9,385536
4,10,385536
4,11,385536
5,1,385536
5,2,385536
5,3,385536
5,4,385536
5,5,385536
5,6,385536
5,7,385536
5,8,385536
5,9,385664
5,10,385536
5,11,909824
6,1,385536
6,2,385536
6,3,123392
6,4,123392
6,5,123392
6,6,123392
6,7,123392
6,8,123392
6,9,385536
6,10,385536
6,11,386560
7,1,385536
7,2,385536
7,3,516608
7,4,516864
7,5,516864
7,6,516864
7,7,516864
7,8,516864
7,9,516864
7,10,516864
7,11,516864
8,1,385536
8,2,385536
8,3,385536
8,4,385536
8,5,385536
8,6,123392
8,7,123392
8,8,123392
8,9,123392
8,10,123392
8,11,647680
9,1,385536
9,2,385536
9,3,385536
9,4,385536
9,5,385536
9,6,385536
9,7,385536
9,8,377344
9,9,377344
9,10,115200
9,11,115200
10,1,385536
10,2,385536
10,3,385536
10,4,385536
10,5,385536
10,6,377344
10,7,377344
10,8,377344
10,9,385536
10,10,385538
10,11,385538
1,1,385920
1,2,385920
1,3,385920
1,4,385920
1,5,385920
1,6,385920
1,7,369536
1,8,369536
1,9,369537
1,10,369537
1,11,369537
2,1,385920
2,2,385920
2,3,369536
2,4,370560
2,5,370560
2,6,370560
2,7,370560
2,8,370560
2,9,370560
2,10,370560
2,11,370560
3,1,385920
3,2,385920
3,3,385920
3,4,385920
3,5,385920
3,6,377728
3,7,377728
3,8,377728
3,9,377728
3,10,377728
3,11,377728
4,1,385920
4,2,385920
4,3,385920
4,4,385920
4,5,385920
4,6,516992
4,7,516992
4,8,516992
4,9,516992
4,10,516994
4,11,516994
5,1,385920
5,2,385920
5,3,385920
5,4,385920
5,5,385920
5,6,385920
5,7,516992
5,8,516992
5,9,516992
5,10,516992
5,11,516992
6,1,385920
6,2,386944
6,3,386944
6,4,386944
6,5,385920
6,6,385920
6,7,385920
6,8,385920
6,9,385920
6,10,385920
6,11,385920
7,1,385920
7,2,369536
7,3,369536
7,4,369536
7,5,370560
7,6,370560
7,7,369536
7,8,369536
7,9,369536
7,10,369536
7,11,369536
8,1,385920
8,2,385920
8,3,385920
8,4,385920
8,5,385920
8,6,385920
8,7,910208
8,8,910208
8,9,910210
8,10,910210
8,11,910210
9,1,385920
9,2,385920
9,3,369536
9,4,369536
9,5,369536
9,6,369536
9,7,369536
9,8,369536
9,9,369536
9,10,369536
9,11,369536
10,1,385920
10,2,385920
10,3,385984
10,4,385984
10,5,387008
10,6,387010
10,7,387010
10,8,389058
10,9,388994
10,10,388994
10,11,388994
