simulation,timestep,config_id
1,1,385926
1,2,385926
1,3,385926
1,4,385926
1,5,385926
1,6,385926
1,7,385926
1,8,369542
1,9,369542
1,10,893830
1,11,369542
2,1,385926
2,2,385926
2,3,385934
2,4,385934
2,5,385934
2,6,385934
2,7,385934
2,8,385806
2,9,385806
2,10,385806
2,11,385806
3,1,385926
3,2,385926
3,3,385926
3,4,385926
3,5,385926
3,6,385926
3,7,385926
3,8,386950
3,9,386950
3,10,386950
3,11,386950
4,1,385926
4,2,385926
4,3,516998
4,4,1041286
4,5,1041286
4,6,1041286
4,7,1041286
4,8,1041286
4,9,1041286
4,10,1042310
4,11,1042310
5,1,385926
5,2,385926
5,3,385926
5,4,385926
5,5,385926
5,6,385926
5,7,377734
5,8,377734
5,9,361350
5,10,361350
5,11,361350
6,1,385926
6,2,385926
6,3,385926
6,4,385926
6,5,385926
6,6,385926
6,7,385926
6,8,385926
6,9,385926
6,10,385926
6,11,385926
7,1,385926
7,2,385926
7,3,385926
7,4,385926
7,5,385926
7,6,910214
7,7,910214
7,8,910214
7,9,910214
7,10,910210
7,11,910210
8,1,385926
8,2,385926
8,3,385926
8,4,385926
8,5,385926
8,6,385926
8,7,385926
8,8,385926
8,9,385926
8,10,385926
8,11,385926
9,1,385926
9,2,385926
9,3,385926
9,4,385926
9,5,385926
9,6,385926
9,7,385926
9,8,385926
9,9,385926
9,10,385926
9,11,385798
10,1,385926
10,2,377734
10,3,377734
10,4,377734
10,5,377734
10,6,377734
10,7,377734
10,8,378758
10,9,377734
10,10,377734
10,11,377734
1,1,388998
1,2,388998
1,3,388998
1,4,388998
1,5,388998
1,6,388998
1,7,388998
1,8,388998
1,9,388998
1,10,388998
1,11,388998
2,1,388998
2,2,388998
2,3,388998
2,4,388998
2,5,388998
2,6,388998
2,7,520070
2,8,520070
2,9,520070
2,10,520070
2,11,520070
3,1,388998
3,2,388998
3,3,913286
3,4,913286
3,5,913286
3,6,1044358
3,7,1044358
3,8,1044358
3,9,782214
3,10,651142
3,11,651142
4,1,388998
4,2,388998
4,3,388998
4,4,388998
4,5,388998
4,6,388998
4,7,388998
4,8,388998
4,9,388998
4,10,388998
4,11,388998
5,1,388998
5,2,388998
5,3,388998
5,4,388998
5,5,388998
5,6,388998
5,7,388998
5,8,388998
5,9,388998
5,10,388998
5,11,388998
6,1,388998
6,2,388998
6,3,386950
6,4,386950
6,5,386950
6,6,388998
6,7,388998
6,8,388998
6,9,520070
6,10,520070
6,11,520070
7,1,388998
7,2,388999
7,3,388999
7,4,372615
7,5,372615
7,6,372615
7,7,372615
7,8,372615
7,9,372615
7,10,372615
7,11,372615
8,1,388998
8,2,388994
8,3,388994
8,4,388994
8,5,388994
8,6,388998
8,7,388998
8,8,388998
8,9,388998
8,10,388998
8,11,388998
9,1,388998
9,2,388998
9,3,388998
9,4,388998
9,5,388998
9,6,388998
9,7,388998
9,8,388998
9,9,388998
9,10,388998
9,11,388998
10,1,388998
10,2,388998
10,3,388998
10,4,388998
10,5,388998
10,6,388998
10,7,388998
10,8,388998
10,9,388998
10,10,388998
10,11,388998
1,1,388999
1,2,388999
1,3,126855
1,4,125831
1,5,125831
1,6,125831
1,7,125831
1,8,125831
1,9,125831
1,10,125831
1,11,125831
2,1,388999
2,2,520071
2,3,520070
2,4,520070
2,5,520070
2,6,520070
2,7,520070
2,8,520070
2,9,520071
2,10,520071
2,11,519815
3,1,388999
3,2,388999
3,3,388999
3,4,388999
3,5,388999
3,6,388999
3,7,388999
3,8,388999
3,9,388999
3,10,388999
3,11,388999
4,1,388999
4,2,388999
4,3,388999
4,4,388999
4,5,388999
4,6,388999
4,7,388999
4,8,388999
4,9,388999
4,10,388999
4,11,372615
5,1,388999
5,2,388999
5,3,388999
5,4,380807
5,5,388999
5,6,913287
5,7,913287
5,8,913286
5,9,913286
5,10,913286
5,11,651142
6,1,388999
6,2,520071
6,3,520071
6,4,520070
6,5,1044358
6,6,1044354
6,7,520066
6,8,518018
6,9,518018
6,10,518018
6,11,518018
7,1,388999
7,2,388999
7,3,388999
7,4,388999
7,5,388999
7,6,520071
7,7,520071
7,8,520071
7,9,520071
7,10,520071
7,11,520071
8,1,388999
8,2,388999
8,3,388999
8,4,388999
8,5,388999
8,6,388999
8,7,389007
8,8,389007
8,9,389007
8,10,386959
8,11,386959
9,1,388999
9,2,388999
9,3,388999
9,4,520071
9,5,520071
9,6,520071
9,7,520071
9,8,520071
9,9,520071
9,10,520071
9,11,520071
10,1,388999
10,2,388999
10,3,372615
10,4,372615
10,5,896903
10,6,896903
10,7,896903
10,8,896903
10,9,896903
10,10,896903
10,11,896903
1,1,392710
1,2,392710
1,3,392710
1,4,392710
1,5,916998
1,6,916998
1,7,917030
1,8,1048102
1,9,1048102
1,10,1048102
1,11,1048102
2,1,392710
2,2,392710
2,3,916998
2,4,916998
2,5,916998
2,6,916998
2,7,916998
2,8,1048070
2,9,1048070
2,10,1048070
2,11,1048070
3,1,392710
3,2,392710
3,3,392710
3,4,523782
3,5,521734
3,6,521734
3,7,505350
3,8,505350
3,9,504326
3,10,504326
3,11,504326
4,1,392710
4,2,392198
4,3,392710
4,4,392710
4,5,523782
4,6,523782
4,7,523782
4,8,523782
4,9,523782
4,10,523778
4,11,523778
5,1,392710
5,2,384518
5,3,384518
5,4,380422
5,5,380422
5,6,380422
5,7,380422
5,8,384518
5,9,384518
5,10,384518
5,11,384518
6,1,392710
6,2,392711
6,3,392711
6,4,392711
6,5,391687
6,6,391687
6,7,391687
6,8,391686
6,9,391686
6,10,389638
6,11,389894
7,1,392710
7,2,392710
7,3,392710
7,4,391686
7,5,391686
7,6,391686
7,7,391686
7,8,391814
7,9,392070
7,10,392070
7,11,375686
8,1,392710
8,2,392710
8,3,392710
8,4,392710
8,5,392710
8,6,392710
8,7,392710
8,8,392710
8,9,392710
8,10,392710
8,11,391686
9,1,392710
9,2,392710
9,3,392710
9,4,392710
9,5,392966
9,6,392966
9,7,392966
9,8,392966
9,9,392966
9,10,392966
9,11,392966
10,1,392710
10,2,392710
10,3,376326
10,4,376326
10,5,376326
10,6,372230
10,7,372486
10,8,364294
10,9,364294
10,10,364294
10,11,364294
1,1,436102
1,2,436102
1,3,436102
1,4,436102
1,5,436102
1,6,436102
1,7,436102
1,8,436102
1,9,436102
1,10,436102
1,11,436102
2,1,436102
2,2,436102
2,3,436102
2,4,436102
2,5,436102
2,6,436102
2,7,436102
2,8,436102
2,9,436102
2,10,436102
2,11,436103
3,1,436102
3,2,436102
3,3,436102
3,4,305030
3,5,305030
3,6,305030
3,7,305030
3,8,42886
3,9,44934
3,10,44934
3,11,44934
4,1,436102
4,2,435078
4,3,435078
4,4,435078
4,5,435078
4,6,437126
4,7,437126
4,8,437126
4,9,438150
4,10,438150
4,11,438150
5,1,436102
5,2,436102
5,3,436102
5,4,501638
5,5,501638
5,6,370566
5,7,370566
5,8,370566
5,9,370566
5,10,370566
5,11,370566
6,1,436102
6,2,436102
6,3,436102
6,4,436102
6,5,436102
6,6,436102
6,7,427910
6,8,427910
6,9,493446
6,10,501638
6,11,501638
7,1,436102
7,2,436102
7,3,436102
7,4,436103
7,5,427911
7,6,436103
7,7,436103
7,8,436103
7,9,436103
7,10,438151
7,11,438151
8,1,436102
8,2,436102
8,3,436102
8,4,436102
8,5,436102
8,6,501638
8,7,501638
8,8,501638
8,9,500614
8,10,500614
8,11,500614
9,1,436102
9,2,436102
9,3,436102
9,4,436102
9,5,436102
9,6,436102
9,7,436102
9,8,960390
9,9,960390
9,10,960390
9,11,960390
10,1,436102
10,2,436102
10,3,436102
10,4,427910
10,5,427910
10,6,427782
10,7,427782
10,8,427782
10,9,427782
10,10,427270
10,11,427014
1,1,450567
1,2,417799
1,3,417797
1,4,417797
1,5,417797
1,6,417797
1,7,417793
1,8,417793
1,9,417793
1,10,483329
1,11,483329
2,1,450567
2,2,450567
2,3,450567
2,4,450567
2,5,451591
2,6,452103
2,7,452103
2,8,452103
2,9,452111
2,10,452111
2,11,452111
3,1,450567
3,2,450567
3,3,450567
3,4,450567
3,5,450567
3,6,450567
3,7,450567
3,8,450567
3,9,450567
3,10,450567
3,11,450567
4,1,450567
4,2,450567
4,3,450567
4,4,450631
4,5,319559
4,6,385095
4,7,385095
4,8,385095
4,9,385095
4,10,385095
4,11,385095
5,1,450567
5,2,450567
5,3,450567
5,4,450567
5,5,450565
5,6,450565
5,7,450565
5,8,450565
5,9,450565
5,10,450565
5,11,450565
6,1,450567
6,2,450567
6,3,450567
6,4,974855
6,5,974855
6,6,974855
6,7,974855
6,8,974855
6,9,974855
6,10,974983
6,11,974983
7,1,450567
7,2,442375
7,3,442375
7,4,409607
7,5,409607
7,6,442375
7,7,442375
7,8,442375
7,9,442371
7,10,442375
7,11,442375
8,1,450567
8,2,450567
8,3,451079
8,4,451079
8,5,451079
8,6,975367
8,7,975367
8,8,975367
8,9,975367
8,10,975367
8,11,713223
9,1,450567
9,2,450567
9,3,450567
9,4,450567
9,5,417799
9,6,417799
9,7,417799
9,8,417799
9,9,417799
9,10,417799
9,11,450567
10,1,450567
10,2,450567
10,3,450567
10,4,450566
10,5,450574
10,6,451598
10,7,450574
10,8,450574
10,9,450574
10,10,516110
10,11,516102
1,1,484230
1,2,484230
1,3,484230
1,4,484230
1,5,484230
1,6,484230
1,7,484230
1,8,484230
1,9,484230
1,10,484230
1,11,484230
2,1,484230
2,2,467846
2,3,467846
2,4,467846
2,5,467846
2,6,992134
2,7,992134
2,8,992134
2,9,992134
2,10,991878
2,11,1008262
3,1,484230
3,2,484230
3,3,484231
3,4,485255
3,5,485263
3,6,485263
3,7,485263
3,8,485263
3,9,485263
3,10,485263
3,11,485262
4,1,484230
4,2,484230
4,3,484102
4,4,484102
4,5,483846
4,6,483846
4,7,483846
4,8,483846
4,9,483846
4,10,483846
4,11,483846
5,1,484230
5,2,1008518
5,3,1041286
5,4,1045382
5,5,521094
5,6,516998
5,7,516998
5,8,516998
5,9,516998
5,10,516998
5,11,516998
6,1,484230
6,2,484230
6,3,484230
6,4,484230
6,5,484230
6,6,484231
6,7,484231
6,8,484231
6,9,1008519
6,10,1041287
6,11,1041287
7,1,484230
7,2,484230
7,3,484102
7,4,484102
7,5,484102
7,6,484102
7,7,484102
7,8,484102
7,9,484102
7,10,484102
7,11,516870
8,1,484230
8,2,484230
8,3,516998
8,4,1041286
8,5,1041286
8,6,1041286
8,7,1041282
8,8,1041282
8,9,1033090
8,10,1033090
8,11,1033090
9,1,484230
9,2,484230
9,3,484230
9,4,484230
9,5,484230
9,6,484230
9,7,484230
9,8,484230
9,9,484230
9,10,484230
9,11,516998
10,1,484230
10,2,1008518
10,3,1008518
10,4,1008518
10,5,1008518
10,6,1008518
10,7,1008518
10,8,1008518
10,9,1008518
10,10,1008518
10,11,1010566
1,1,491520
1,2,491521
1,3,491521
1,4,491521
1,5,507905
1,6,507905
1,7,507904
1,8,507904
1,9,507904
1,10,507904
1,11,507904
2,1,491520
2,2,360448
2,3,376832
2,4,507904
2,5,507904
2,6,507904
2,7,507904
2,8,507904
2,9,516096
2,10,516096
2,11,507904
3,1,491520
3,2,491520
3,3,491520
3,4,491520
3,5,1015808
3,6,1015812
3,7,1024004
3,8,1024004
3,9,1025028
3,10,1025028
3,11,1025028
4,1,491520
4,2,458752
4,3,458752
4,4,458752
4,5,458752
4,6,458752
4,7,458752
4,8,458752
4,9,458752
4,10,458752
4,11,458752
5,1,491520
5,2,491520
5,3,491520
5,4,491520
5,5,491520
5,6,491520
5,7,491524
5,8,491524
5,9,491524
5,10,491524
5,11,491524
6,1,491520
6,2,491520
6,3,491520
6,4,491520
6,5,491520
6,6,491521
6,7,491521
6,8,491521
6,9,491521
6,10,491521
6,11,499713
7,1,491520
7,2,491520
7,3,491520
7,4,491520
7,5,491522
7,6,491522
7,7,360450
7,8,360450
7,9,360962
7,10,360962
7,11,360962
8,1,491520
8,2,491520
8,3,491520
8,4,491520
8,5,491520
8,6,491520
8,7,491520
8,8,491520
8,9,491520
8,10,491520
8,11,491520
9,1,491520
9,2,491520
9,3,491520
9,4,492032
9,5,492032
9,6,492032
9,7,492032
9,8,492032
9,9,492032
9,10,492032
9,11,492032
10,1,491520
10,2,491520
10,3,491520
10,4,491520
10,5,492032
10,6,492032
10,7,492032
10,8,492032
10,9,492032
10,10,492288
10,11,492288
1,1,493442
1,2,493442
1,3,493442
1,4,493442
1,5,493442
1,6,362370
1,7,362370
1,8,362370
1,9,362370
1,10,362370
1,11,362370
2,1,493442
2,2,493442
2,3,493442
2,4,493442
2,5,501634
2,6,501634
2,7,501634
2,8,501634
2,9,501634
2,10,501634
2,11,501634
3,1,493442
3,2,493442
3,3,493442
3,4,493446
3,5,493446
3,6,493446
3,7,493446
3,8,509830
3,9,509830
3,10,509830
3,11,509830
4,1,493442
4,2,231298
4,3,231296
4,4,231296
4,5,231296
4,6,231296
4,7,231296
4,8,231296
4,9,231296
4,10,493440
4,11,493440
5,1,493442
5,2,493442
5,3,493442
5,4,493442
5,5,493442
5,6,493314
5,7,493314
5,8,501506
5,9,501506
5,10,501506
5,11,1025794
6,1,493442
6,2,493442
6,3,493442
6,4,362370
6,5,362370
6,6,362370
6,7,362370
6,8,362370
6,9,362370
6,10,362370
6,11,362370
7,1,493442
7,2,493442
7,3,493442
7,4,493442
7,5,493442
7,6,493442
7,7,493442
7,8,493442
7,9,493442
7,10,493442
7,11,493442
8,1,493442
8,2,509826
8,3,509826
8,4,378754
8,5,378754
8,6,362370
8,7,362370
8,8,362370
8,9,362370
8,10,362370
8,11,362370
9,1,493442
9,2,493442
9,3,493442
9,4,493442
9,5,493442
9,6,493442
9,7,493442
9,8,493314
9,9,493312
9,10,493312
9,11,493312
10,1,493442
10,2,493442
10,3,493442
10,4,493442
10,5,493440
10,6,493440
10,7,1017728
10,8,755584
10,9,231296
10,10,231296
10,11,231298
1,1,493446
1,2,362374
1,3,362374
1,4,362374
1,5,362374
1,6,362374
1,7,362374
1,8,362374
1,9,362374
1,10,362374
1,11,362374
2,1,493446
2,2,493446
2,3,493446
2,4,493446
2,5,493447
2,6,493447
2,7,493447
2,8,493447
2,9,493447
2,10,493447
2,11,493447
3,1,493446
3,2,493446
3,3,493446
3,4,493446
3,5,493446
3,6,493446
3,7,493446
3,8,493446
3,9,493446
3,10,493446
3,11,493446
4,1,493446
4,2,493442
4,3,493446
4,4,493446
4,5,493446
4,6,493454
4,7,493454
4,8,362382
4,9,362380
4,10,362380
4,11,362380
5,1,493446
5,2,493446
5,3,493446
5,4,493446
5,5,493446
5,6,493446
5,7,501638
5,8,501638
5,9,501638
5,10,501638
5,11,501638
6,1,493446
6,2,362374
6,3,362374
6,4,362374
6,5,100230
6,6,100230
6,7,100230
6,8,100230
6,9,100230
6,10,100230
6,11,100230
7,1,493446
7,2,493318
7,3,495366
7,4,495366
7,5,495366
7,6,495366
7,7,495366
7,8,495366
7,9,495366
7,10,495366
7,11,495366
8,1,493446
8,2,493446
8,3,493446
8,4,493447
8,5,493447
8,6,493447
8,7,493447
8,8,493447
8,9,495495
8,10,503687
8,11,503687
9,1,493446
9,2,493446
9,3,493446
9,4,493446
9,5,493446
9,6,493446
9,7,493446
9,8,493446
9,9,493446
9,10,362374
9,11,362374
10,1,493446
10,2,493446
10,3,493446
10,4,493446
10,5,493446
10,6,493446
10,7,493446
10,8,493446
10,9,493446
10,10,495494
10,11,495490
1,1,493447
1,2,1017735
1,3,1017735
1,4,1017735
1,5,1017735
1,6,1017735
1,7,1017735
1,8,1017735
1,9,1017735
1,10,1017735
1,11,1017734
2,1,493447
2,2,493447
2,3,493447
2,4,493447
2,5,493447
2,6,493447
2,7,493447
2,8,493447
2,9,493447
2,10,493447
2,11,493447
3,1,493447
3,2,493447
3,3,493443
3,4,493443
3,5,493443
3,6,493443
3,7,493441
3,8,493441
3,9,493443
3,10,493443
3,11,493443
4,1,493447
4,2,493447
4,3,493447
4,4,493447
4,5,1017735
4,6,1017735
4,7,1017735
4,8,1017735
4,9,1017735
4,10,1017735
4,11,1025927
5,1,493447
5,2,493447
5,3,493447
5,4,493447
5,5,493447
5,6,493447
5,7,493447
5,8,493191
5,9,493191
5,10,493191
5,11,493191
6,1,493447
6,2,493447
6,3,509831
6,4,509831
6,5,509831
6,6,509831
6,7,493447
6,8,493447
6,9,493447
6,10,493447
6,11,493447
7,1,493447
7,2,493447
7,3,493447
7,4,493447
7,5,493447
7,6,493446
7,7,493446
7,8,493446
7,9,362374
7,10,362374
7,11,362374
8,1,493447
8,2,493447
8,3,493447
8,4,493447
8,5,493447
8,6,493447
8,7,493447
8,8,493447
8,9,509831
8,10,378759
8,11,378759
9,1,493447
9,2,493447
9,3,495495
9,4,495495
9,5,495495
9,6,495495
9,7,495495
9,8,495495
9,9,503687
9,10,503687
9,11,503687
10,1,493447
10,2,509831
10,3,509831
10,4,511879
10,5,515975
10,6,524167
10,7,524167
10,8,524167
10,9,1048455
10,10,1032071
10,11,1032071
1,1,499462
1,2,499462
1,3,499462
1,4,499462
1,5,499462
1,6,499462
1,7,499462
1,8,507654
1,9,507654
1,10,507654
1,11,507654
2,1,499462
2,2,499462
2,3,495366
2,4,495366
2,5,495366
2,6,495366
2,7,364294
2,8,362246
2,9,362246
2,10,362246
2,11,362246
3,1,499462
3,2,1023750
3,3,1023750
3,4,1023750
3,5,1023750
3,6,1023750
3,7,1023750
3,8,1023750
3,9,1019654
3,10,1019654
3,11,1019654
4,1,499462
4,2,499462
4,3,495366
4,4,495366
4,5,495366
4,6,495366
4,7,495366
4,8,495366
4,9,495366
4,10,495494
4,11,1019782
5,1,499462
5,2,499462
5,3,499462
5,4,499462
5,5,499462
5,6,499462
5,7,499462
5,8,499462
5,9,499462
5,10,499462
5,11,499462
6,1,499462
6,2,499462
6,3,499462
6,4,499462
6,5,499462
6,6,515846
6,7,515590
6,8,514566
6,9,514566
6,10,514566
6,11,514566
7,1,499462
7,2,499462
7,3,499462
7,4,499462
7,5,499462
7,6,499462
7,7,499462
7,8,499462
7,9,499462
7,10,499462
7,11,499462
8,1,499462
8,2,499462
8,3,499462
8,4,499462
8,5,499462
8,6,499462
8,7,499462
8,8,497414
8,9,497414
8,10,497414
8,11,497414
9,1,499462
9,2,499462
9,3,499462
9,4,499462
9,5,1023750
9,6,1031942
9,7,900870
9,8,900870
9,9,892678
9,10,892678
9,11,892678
10,1,499462
10,2,499462
10,3,499462
10,4,499462
10,5,499463
10,6,499591
10,7,515975
10,8,515975
10,9,515975
10,10,1040263
10,11,1040263
1,1,500224
1,2,500224
1,3,500224
1,4,500224
1,5,500224
1,6,500226
1,7,500226
1,8,500354
1,9,500354
1,10,500352
1,11,500352
2,1,500224
2,2,500224
2,3,500224
2,4,500224
2,5,500224
2,6,500224
2,7,500224
2,8,500224
2,9,500224
2,10,500224
2,11,500224
3,1,500224
3,2,500224
3,3,500224
3,4,500224
3,5,500224
3,6,500224
3,7,492032
3,8,492032
3,9,360960
3,10,360960
3,11,360960
4,1,500224
4,2,500224
4,3,500224
4,4,500224
4,5,500224
4,6,500224
4,7,500224
4,8,500224
4,9,500224
4,10,500224
4,11,500224
5,1,500224
5,2,500224
5,3,516608
5,4,516608
5,5,500224
5,6,516608
5,7,516608
5,8,516608
5,9,516608
5,10,516608
5,11,516608
6,1,500224
6,2,500224
6,3,500224
6,4,500224
6,5,501248
6,6,501248
6,7,501248
6,8,501248
6,9,501248
6,10,517632
6,11,516608
7,1,500224
7,2,500224
7,3,500224
7,4,501248
7,5,501248
7,6,501248
7,7,501248
7,8,501248
7,9,501248
7,10,501248
7,11,468480
8,1,500224
8,2,500224
8,3,500224
8,4,500224
8,5,500224
8,6,500224
8,7,500224
8,8,516608
8,9,516608
8,10,516864
8,11,516880
9,1,500224
9,2,492032
9,3,492032
9,4,492032
9,5,492032
9,6,492032
9,7,508416
9,8,508416
9,9,508416
9,10,508416
9,11,508416
10,1,500224
10,2,1024512
10,3,1024512
10,4,762368
10,5,762368
10,6,762368
10,7,762368
10,8,762368
10,9,762368
10,10,631296
10,11,631296
1,1,501377
1,2,501377
1,3,501377
1,4,501377
1,5,1025665
1,6,1025665
1,7,1025665
1,8,1025665
1,9,763521
1,10,763520
1,11,763520
2,1,501377
2,2,501377
2,3,501376
2,4,501376
2,5,501376
2,6,501377
2,7,501377
2,8,501377
2,9,370305
2,10,370177
2,11,370177
3,1,501377
3,2,501377
3,3,501377
3,4,501377
3,5,501377
3,6,501377
3,7,501377
3,8,501377
3,9,501377
3,10,501377
3,11,501377
4,1,501377
4,2,1025665
4,3,1025665
4,4,1025665
4,5,1025665
4,6,1025665
4,7,1025665
4,8,1025665
4,9,1025665
4,10,1025665
4,11,1025665
5,1,501377
5,2,501377
5,3,501377
5,4,501377
5,5,501249
5,6,370177
5,7,370177
5,8,370177
5,9,370177
5,10,370177
5,11,501249
6,1,501377
6,2,501377
6,3,501377
6,4,501377
6,5,501376
6,6,501376
6,7,501248
6,8,517632
6,9,517636
6,10,517636
6,11,516612
7,1,501377
7,2,501377
7,3,501377
7,4,501377
7,5,501377
7,6,501377
7,7,517761
7,8,517765
7,9,517764
7,10,386692
7,11,386692
8,1,501377
8,2,501376
8,3,370304
8,4,370304
8,5,370304
8,6,370304
8,7,386688
8,8,386688
8,9,124544
8,10,386688
8,11,386688
9,1,501377
9,2,500353
9,3,500352
9,4,500352
9,5,500352
9,6,500352
9,7,500224
9,8,516608
9,9,516608
9,10,516608
9,11,516608
10,1,501377
10,2,501377
10,3,501377
10,4,501377
10,5,501377
10,6,370305
10,7,370305
10,8,370305
10,9,370305
10,10,370305
10,11,370305
1,1,501506
1,2,503554
1,3,1027842
1,4,1027842
1,5,1027842
1,6,1019650
1,7,1019650
1,8,1019650
1,9,1019650
1,10,1019650
1,11,1017602
2,1,501506
2,2,501504
2,3,501504
2,4,501504
2,5,501504
2,6,501504
2,7,501504
2,8,370432
2,9,370432
2,10,370176
2,11,370176
3,1,501506
3,2,501506
3,3,501506
3,4,501506
3,5,501506
3,6,501510
3,7,1025798
3,8,1025798
3,9,1025798
3,10,1025798
3,11,1025798
4,1,501506
4,2,501506
4,3,493314
4,4,493442
4,5,493440
4,6,493440
4,7,493440
4,8,493440
4,9,493440
4,10,493440
4,11,493440
5,1,501506
5,2,501506
5,3,501506
5,4,501506
5,5,501506
5,6,501506
5,7,501506
5,8,501506
5,9,501506
5,10,501506
5,11,493314
6,1,501506
6,2,501506
6,3,501506
6,4,501506
6,5,501506
6,6,503554
6,7,503554
6,8,503554
6,9,519938
6,10,519938
6,11,519938
7,1,501506
7,2,501506
7,3,501506
7,4,501506
7,5,501506
7,6,500482
7,7,500482
7,8,500482
7,9,500482
7,10,500482
7,11,492290
8,1,501506
8,2,501506
8,3,501510
8,4,493318
8,5,493318
8,6,493318
8,7,493318
8,8,493318
8,9,493318
8,10,493318
8,11,493318
9,1,501506
9,2,501506
9,3,501506
9,4,501506
9,5,501506
9,6,501506
9,7,501506
9,8,501506
9,9,1025794
9,10,1025794
9,11,1042178
10,1,501506
10,2,501506
10,3,501506
10,4,501506
10,5,493314
10,6,493314
10,7,493314
10,8,493314
10,9,493314
10,10,493314
10,11,493318
1,1,501634
1,2,501634
1,3,1025922
1,4,1025922
1,5,1025922
1,6,1025922
1,7,1025922
1,8,1025922
1,9,1025922
1,10,1025922
1,11,1025922
2,1,501634
2,2,501634
2,3,501634
2,4,501634
2,5,501634
2,6,501634
2,7,501634
2,8,501634
2,9,501634
2,10,501634
2,11,501634
3,1,501634
3,2,501634
3,3,501634
3,4,501632
3,5,501632
3,6,501632
3,7,501632
3,8,501634
3,9,501506
3,10,501510
3,11,500486
4,1,501634
4,2,493442
4,3,493442
4,4,493442
4,5,493442
4,6,493442
4,7,493442
4,8,493442
4,9,362370
4,10,362370
4,11,362370
5,1,501634
5,2,501638
5,3,501638
5,4,501638
5,5,501638
5,6,501638
5,7,501638
5,8,501638
5,9,501638
5,10,501638
5,11,518022
6,1,501634
6,2,501634
6,3,501632
6,4,501632
6,5,501632
6,6,501632
6,7,501632
6,8,370560
6,9,370560
6,10,370560
6,11,370560
7,1,501634
7,2,501634
7,3,501634
7,4,501378
7,5,370306
7,6,370306
7,7,370306
7,8,370306
7,9,370306
7,10,370306
7,11,108162
8,1,501634
8,2,1025922
8,3,1025922
8,4,1025922
8,5,1025920
8,6,1025920
8,7,1025920
8,8,1042304
8,9,1044352
8,10,1044352
8,11,1044352
9,1,501634
9,2,370562
9,3,370562
9,4,370562
9,5,370562
9,6,370562
9,7,894850
9,8,894850
9,9,894850
9,10,894850
9,11,894850
10,1,501634
10,2,501634
10,3,501634
10,4,501632
10,5,501632
10,6,501632
10,7,501632
10,8,501632
10,9,501632
10,10,501632
10,11,501632
1,1,501638
1,2,1025926
1,3,1025926
1,4,1024902
1,5,1024902
1,6,1024902
1,7,1024902
1,8,1024902
1,9,1024902
1,10,500614
1,11,500614
2,1,501638
2,2,501638
2,3,501638
2,4,501634
2,5,501634
2,6,501634
2,7,501635
2,8,501635
2,9,501635
2,10,501635
2,11,501634
3,1,501638
3,2,501638
3,3,501634
3,4,501634
3,5,501634
3,6,501638
3,7,501638
3,8,370566
3,9,386950
3,10,388998
3,11,388998
4,1,501638
4,2,501638
4,3,370566
4,4,370566
4,5,369542
4,6,369542
4,7,369414
4,8,369414
4,9,369414
4,10,369414
4,11,369414
5,1,501638
5,2,501638
5,3,501638
5,4,501638
5,5,501638
5,6,501638
5,7,501638
5,8,501638
5,9,501638
5,10,501638
5,11,501638
6,1,501638
6,2,501638
6,3,501638
6,4,501638
6,5,501638
6,6,501638
6,7,501638
6,8,501638
6,9,501638
6,10,501638
6,11,501638
7,1,501638
7,2,501638
7,3,501638
7,4,501638
7,5,501638
7,6,501638
7,7,501638
7,8,501638
7,9,501638
7,10,501638
7,11,501638
8,1,501638
8,2,501638
8,3,501638
8,4,501638
8,5,501638
8,6,501639
8,7,501637
8,8,501639
8,9,501639
8,10,501639
8,11,501639
9,1,501638
9,2,501638
9,3,501638
9,4,501638
9,5,501638
9,6,501638
9,7,501638
9,8,501638
9,9,501638
9,10,501638
9,11,501638
10,1,501638
10,2,501638
10,3,501638
10,4,501638
10,5,501638
10,6,501638
10,7,501638
10,8,370566
10,9,370566
10,10,370566
10,11,370566
1,1,503558
1,2,503558
1,3,503302
1,4,503302
1,5,503302
1,6,503302
1,7,503302
1,8,503302
1,9,503302
1,10,503302
1,11,503302
2,1,503558
2,2,503558
2,3,503558
2,4,503558
2,5,503558
2,6,503558
2,7,503558
2,8,503558
2,9,503558
2,10,503558
2,11,503558
3,1,503558
3,2,503558
3,3,503558
3,4,503686
3,5,503686
3,6,503686
3,7,520070
3,8,520070
3,9,520070
3,10,520070
3,11,520070
4,1,503558
4,2,503558
4,3,372486
4,4,372486
4,5,372486
4,6,372486
4,7,372486
4,8,372486
4,9,896774
4,10,896774
4,11,896774
5,1,503558
5,2,503558
5,3,503558
5,4,503558
5,5,503558
5,6,503558
5,7,503558
5,8,503559
5,9,503559
5,10,503559
5,11,503559
6,1,503558
6,2,503558
6,3,503558
6,4,503686
6,5,503686
6,6,503686
6,7,503686
6,8,503686
6,9,503686
6,10,503686
6,11,503686
7,1,503558
7,2,503558
7,3,503558
7,4,1027846
7,5,1027846
7,6,1027846
7,7,1027846
7,8,1027846
7,9,1027846
7,10,1027846
7,11,1027846
8,1,503558
8,2,503558
8,3,503558
8,4,503558
8,5,503558
8,6,503558
8,7,503558
8,8,519942
8,9,520070
8,10,520070
8,11,520070
9,1,503558
9,2,503558
9,3,503558
9,4,503558
9,5,503558
9,6,495366
9,7,495366
9,8,495366
9,9,495366
9,10,462598
9,11,462598
10,1,503558
10,2,503558
10,3,503558
10,4,503558
10,5,503558
10,6,503559
10,7,503559
10,8,519943
10,9,519943
10,10,519943
10,11,519943
1,1,503682
1,2,503682
1,3,503682
1,4,503682
1,5,503682
1,6,503683
1,7,503683
1,8,503683
1,9,503683
1,10,503683
1,11,503681
2,1,503682
2,2,503682
2,3,503682
2,4,503682
2,5,503682
2,6,503426
2,7,503426
2,8,503426
2,9,503426
2,10,503426
2,11,503426
3,1,503682
3,2,503682
3,3,503682
3,4,503682
3,5,503682
3,6,520066
3,7,257922
3,8,257922
3,9,257926
3,10,257926
3,11,257926
4,1,503682
4,2,503682
4,3,503682
4,4,503682
4,5,503682
4,6,503682
4,7,503682
4,8,503682
4,9,503682
4,10,1027970
4,11,896898
5,1,503682
5,2,503682
5,3,501634
5,4,501634
5,5,518018
5,6,518018
5,7,518018
5,8,518018
5,9,518018
5,10,518019
5,11,518019
6,1,503682
6,2,503682
6,3,503682
6,4,503682
6,5,503682
6,6,503682
6,7,503682
6,8,503682
6,9,503682
6,10,503682
6,11,503682
7,1,503682
7,2,503682
7,3,503682
7,4,503682
7,5,503682
7,6,503682
7,7,503682
7,8,503682
7,9,503554
7,10,519938
7,11,519938
8,1,503682
8,2,501634
8,3,501632
8,4,501632
8,5,370560
8,6,370560
8,7,370560
8,8,370560
8,9,370560
8,10,370560
8,11,370560
9,1,503682
9,2,503682
9,3,503682
9,4,503682
9,5,503682
9,6,503682
9,7,501634
9,8,501634
9,9,501638
9,10,501638
9,11,501638
10,1,503682
10,2,503682
10,3,503682
10,4,503682
10,5,503682
10,6,503682
10,7,503682
10,8,503682
10,9,503682
10,10,503682
10,11,503682
1,1,503686
1,2,503686
1,3,503686
1,4,503686
1,5,501638
1,6,501638
1,7,501638
1,8,501638
1,9,501634
1,10,493442
1,11,493442
2,1,503686
2,2,503686
2,3,503686
2,4,503686
2,5,503686
2,6,503686
2,7,503686
2,8,503686
2,9,503686
2,10,503686
2,11,503558
3,1,503686
3,2,503686
3,3,503686
3,4,520070
3,5,388998
3,6,388998
3,7,388998
3,8,388998
3,9,388998
3,10,388998
3,11,388998
4,1,503686
4,2,503686
4,3,501638
4,4,501638
4,5,501638
4,6,1025926
4,7,1025926
4,8,1025926
4,9,1025926
4,10,1025670
4,11,1025670
5,1,503686
5,2,503686
5,3,503686
5,4,503686
5,5,503686
5,6,503686
5,7,503686
5,8,503686
5,9,501638
5,10,501638
5,11,501638
6,1,503686
6,2,503686
6,3,503686
6,4,1027974
6,5,1027974
6,6,1027974
6,7,1027974
6,8,1027974
6,9,1027974
6,10,1027974
6,11,1027974
7,1,503686
7,2,503686
7,3,503686
7,4,503686
7,5,503686
7,6,503686
7,7,503687
7,8,503687
7,9,503687
7,10,503687
7,11,503687
8,1,503686
8,2,503686
8,3,503687
8,4,503686
8,5,503686
8,6,503686
8,7,503686
8,8,503686
8,9,503686
8,10,503686
8,11,503686
9,1,503686
9,2,503686
9,3,503686
9,4,503686
9,5,503682
9,6,503682
9,7,507778
9,8,507778
9,9,507778
9,10,507778
9,11,507778
10,1,503686
10,2,503687
10,3,503687
10,4,503687
10,5,503687
10,6,503687
10,7,507783
10,8,524167
10,9,524167
10,10,524167
10,11,524167
